# unix_time, cycles_done, cur_path, paths_total, pending_total, pending_favs, map_size, unique_crashes, unique_hangs, max_depth, execs_per_sec
1461524792, 0, 0, 1, 1, 1, 0.03%, 0, 0, 1, 400.00
1461524797, 0, 0, 6, 6, 1, 0.03%, 0, 0, 2, 2593.35
1461524828, 0, 2, 6, 4, 0, 0.03%, 0, 0, 2, 2627.81
1461524833, 0, 4, 6, 2, 0, 0.03%, 0, 0, 2, 2640.28
1461524838, 0, 5, 6, 1, 0, 0.03%, 0, 0, 2, 2630.30
1461524843, 0, 6, 7, 1, 0, 0.03%, 0, 0, 3, 2635.83
1461524848, 1, 1, 7, 0, 0, 0.03%, 0, 0, 3, 2630.79
1461524853, 1, 4, 7, 0, 0, 0.03%, 0, 0, 3, 2628.21
1461524859, 1, 6, 7, 0, 0, 0.03%, 0, 0, 3, 2635.41
1461524864, 2, 1, 7, 0, 0, 0.03%, 0, 0, 3, 2632.88
1461524869, 2, 2, 7, 0, 0, 0.03%, 0, 0, 3, 2626.55
1461524874, 2, 3, 7, 0, 0, 0.03%, 0, 0, 3, 2625.97
1461524879, 2, 4, 7, 0, 0, 0.03%, 0, 0, 3, 2631.33
1461524889, 2, 5, 7, 0, 0, 0.03%, 0, 0, 3, 2631.00
1461524894, 2, 6, 7, 0, 0, 0.03%, 0, 0, 3, 2630.41
1461524899, 3, 1, 7, 0, 0, 0.03%, 0, 0, 3, 2630.34
1461524904, 3, 2, 7, 0, 0, 0.03%, 0, 0, 3, 2339.86
1461524914, 3, 3, 7, 0, 0, 0.03%, 0, 0, 3, 2247.98
1461524920, 3, 4, 7, 0, 0, 0.03%, 0, 0, 3, 2289.37
1461524925, 3, 5, 7, 0, 0, 0.03%, 0, 0, 3, 2319.55
1461524935, 3, 6, 7, 0, 0, 0.03%, 0, 0, 3, 2314.08
1461524940, 4, 0, 7, 0, 0, 0.03%, 0, 0, 3, 2037.52
1461524945, 4, 1, 7, 0, 0, 0.03%, 0, 0, 3, 1739.30
1461524950, 4, 2, 7, 0, 0, 0.03%, 0, 0, 3, 2012.15
1461524955, 4, 3, 7, 0, 0, 0.03%, 0, 0, 3, 2255.22
1461524965, 4, 4, 7, 0, 0, 0.03%, 0, 0, 3, 2310.20
1461524971, 4, 5, 7, 0, 0, 0.03%, 0, 0, 3, 2313.13
1461524976, 4, 6, 7, 0, 0, 0.03%, 0, 0, 3, 2271.00
1461524986, 5, 1, 7, 0, 0, 0.03%, 0, 0, 3, 2041.60
1461524996, 5, 2, 7, 0, 0, 0.03%, 0, 0, 3, 2155.74
1461525001, 5, 3, 7, 0, 0, 0.03%, 0, 0, 3, 2283.92
1461525006, 5, 4, 7, 0, 0, 0.03%, 0, 0, 3, 2328.50
1461525011, 5, 5, 7, 0, 0, 0.03%, 0, 0, 3, 2284.63
1461525021, 5, 6, 7, 0, 0, 0.03%, 0, 0, 3, 2303.90
1461525027, 6, 0, 7, 0, 0, 0.03%, 0, 0, 3, 2321.90
1461525032, 6, 1, 7, 0, 0, 0.03%, 0, 0, 3, 2323.85
1461525037, 6, 2, 7, 0, 0, 0.03%, 0, 0, 3, 2324.31
1461525042, 6, 3, 7, 0, 0, 0.03%, 0, 0, 3, 2311.25
1461525047, 6, 4, 7, 0, 0, 0.03%, 0, 0, 3, 2300.12
1461525057, 6, 5, 7, 0, 0, 0.03%, 0, 0, 3, 2261.81
1461525062, 6, 6, 7, 0, 0, 0.03%, 0, 0, 3, 2383.79
1461525067, 7, 0, 7, 0, 0, 0.03%, 0, 0, 3, 2522.74
1461525072, 7, 2, 7, 0, 0, 0.03%, 0, 0, 3, 2509.27
1461525083, 7, 3, 7, 0, 0, 0.03%, 0, 0, 3, 2206.96
1461525088, 7, 4, 7, 0, 0, 0.03%, 0, 0, 3, 2262.69
1461525093, 7, 5, 7, 0, 0, 0.03%, 0, 0, 3, 2280.34
1461525103, 7, 6, 7, 0, 0, 0.03%, 0, 0, 3, 2301.59
1461525108, 8, 1, 7, 0, 0, 0.03%, 0, 0, 3, 2293.57
1461525118, 8, 2, 7, 0, 0, 0.03%, 0, 0, 3, 2298.89
1461525123, 8, 3, 7, 0, 0, 0.03%, 0, 0, 3, 2299.80
1461525128, 8, 4, 7, 0, 0, 0.03%, 0, 0, 3, 2306.92
1461525133, 8, 5, 7, 0, 0, 0.03%, 0, 0, 3, 2298.69
1461525144, 8, 6, 7, 0, 0, 0.03%, 0, 0, 3, 2306.52
1461525149, 9, 0, 7, 0, 0, 0.03%, 0, 0, 3, 2302.91
1461525154, 9, 1, 7, 0, 0, 0.03%, 0, 0, 3, 2326.81
1461525159, 9, 2, 7, 0, 0, 0.03%, 0, 0, 3, 2323.52
1461525164, 9, 3, 7, 0, 0, 0.03%, 0, 0, 3, 2299.54
1461525169, 9, 4, 7, 0, 0, 0.03%, 0, 0, 3, 2248.90
1461525179, 9, 5, 7, 0, 0, 0.03%, 0, 0, 3, 2304.08
1461525184, 9, 6, 7, 0, 0, 0.03%, 0, 0, 3, 2287.10
1461525189, 10, 0, 7, 0, 0, 0.03%, 0, 0, 3, 2168.37
1461525194, 10, 1, 7, 0, 0, 0.03%, 0, 0, 3, 2362.85
1461525199, 10, 2, 7, 0, 0, 0.03%, 0, 0, 3, 2560.34
1461525204, 10, 3, 7, 0, 0, 0.03%, 0, 0, 3, 2609.89
1461525210, 10, 4, 7, 0, 0, 0.03%, 0, 0, 3, 2518.80
1461525215, 10, 5, 7, 0, 0, 0.03%, 0, 0, 3, 2595.40
1461525220, 10, 6, 7, 0, 0, 0.03%, 0, 0, 3, 2581.80
1461525230, 11, 1, 7, 0, 0, 0.03%, 0, 0, 3, 2588.35
1461525235, 11, 2, 7, 0, 0, 0.03%, 0, 0, 3, 2620.11
1461525240, 11, 3, 7, 0, 0, 0.03%, 0, 0, 3, 2484.35
1461525245, 11, 4, 7, 0, 0, 0.03%, 0, 0, 3, 2587.90
1461525255, 11, 5, 7, 0, 0, 0.03%, 0, 0, 3, 2625.55
1461525260, 11, 6, 7, 0, 0, 0.03%, 0, 0, 3, 2631.29
1461525265, 12, 1, 7, 0, 0, 0.03%, 0, 0, 3, 2630.51
1461525270, 12, 2, 7, 0, 0, 0.03%, 0, 0, 3, 2631.19
1461525280, 12, 3, 7, 0, 0, 0.03%, 0, 0, 3, 2636.44
1461525285, 12, 4, 7, 0, 0, 0.03%, 0, 0, 3, 2632.95
1461525290, 12, 5, 7, 0, 0, 0.03%, 0, 0, 3, 2635.74
1461525295, 12, 6, 7, 0, 0, 0.03%, 0, 0, 3, 2635.82
1461525301, 12, 7, 8, 1, 1, 0.03%, 0, 0, 4, 2636.47
1461525316, 13, 1, 8, 0, 0, 0.03%, 0, 0, 4, 2636.96
1461525321, 13, 2, 8, 0, 0, 0.03%, 0, 0, 4, 2630.30
1461525326, 13, 3, 8, 0, 0, 0.03%, 0, 0, 4, 2622.82
1461525331, 13, 4, 8, 0, 0, 0.03%, 0, 0, 4, 2624.36
1461525336, 13, 5, 8, 0, 0, 0.03%, 0, 0, 4, 2629.70
1461525341, 13, 6, 8, 0, 0, 0.03%, 0, 0, 4, 2632.04
1461525346, 13, 7, 8, 0, 0, 0.03%, 0, 0, 4, 2632.59
1461525362, 14, 0, 8, 0, 0, 0.03%, 0, 0, 4, 2635.21
1461525367, 14, 1, 8, 0, 0, 0.03%, 0, 0, 4, 2632.67
1461525372, 14, 2, 8, 0, 0, 0.03%, 0, 0, 4, 2631.09
1461525377, 14, 3, 8, 0, 0, 0.03%, 0, 0, 4, 2629.14
1461525382, 14, 4, 8, 0, 0, 0.03%, 0, 0, 4, 2633.27
1461525387, 14, 5, 8, 0, 0, 0.03%, 0, 0, 4, 2628.84
1461525392, 14, 6, 8, 0, 0, 0.03%, 0, 0, 4, 2623.72
1461525397, 14, 7, 8, 0, 0, 0.03%, 0, 0, 4, 2632.11
1461525412, 15, 1, 8, 0, 0, 0.03%, 0, 0, 4, 2629.15
1461525417, 15, 2, 8, 0, 0, 0.03%, 0, 0, 4, 2632.04
1461525422, 15, 3, 8, 0, 0, 0.03%, 0, 0, 4, 2628.04
1461525427, 15, 4, 8, 0, 0, 0.03%, 0, 0, 4, 2630.41
1461525433, 15, 5, 8, 0, 0, 0.03%, 0, 0, 4, 2629.42
1461525438, 15, 6, 8, 0, 0, 0.03%, 0, 0, 4, 2631.67
1461525443, 15, 7, 8, 0, 0, 0.03%, 0, 0, 4, 2636.16
1461525448, 16, 1, 8, 0, 0, 0.03%, 0, 0, 4, 2631.11
1461525458, 16, 2, 8, 0, 0, 0.03%, 0, 0, 4, 2629.39
1461525463, 16, 3, 8, 0, 0, 0.03%, 0, 0, 4, 2629.03
1461525468, 16, 4, 8, 0, 0, 0.03%, 0, 0, 4, 2627.37
1461525473, 16, 5, 8, 0, 0, 0.03%, 0, 0, 4, 2628.05
1461525478, 16, 6, 8, 0, 0, 0.03%, 0, 0, 4, 2630.66
1461525483, 16, 7, 8, 0, 0, 0.03%, 0, 0, 4, 2613.94
1461525488, 17, 1, 8, 0, 0, 0.03%, 0, 0, 4, 2623.16
1461525493, 17, 2, 8, 0, 0, 0.03%, 0, 0, 4, 2627.97
1461525498, 17, 3, 8, 0, 0, 0.03%, 0, 0, 4, 2627.83
1461525503, 17, 4, 8, 0, 0, 0.03%, 0, 0, 4, 2630.08
1461525508, 17, 5, 8, 0, 0, 0.03%, 0, 0, 4, 2631.38
1461525514, 17, 6, 8, 0, 0, 0.03%, 0, 0, 4, 2627.22
1461525519, 17, 7, 8, 0, 0, 0.03%, 0, 0, 4, 2630.58
1461525524, 18, 1, 8, 0, 0, 0.03%, 0, 0, 4, 2630.12
1461525529, 18, 2, 8, 0, 0, 0.03%, 0, 0, 4, 2628.29
1461525534, 18, 3, 8, 0, 0, 0.03%, 0, 0, 4, 2622.50
1461525539, 18, 4, 8, 0, 0, 0.03%, 0, 0, 4, 2630.89
1461525544, 18, 5, 8, 0, 0, 0.03%, 0, 0, 4, 2331.09
1461525554, 18, 6, 8, 0, 0, 0.03%, 0, 0, 4, 2324.63
1461525559, 18, 7, 8, 0, 0, 0.03%, 0, 0, 4, 2534.30
1461525564, 19, 1, 8, 0, 0, 0.03%, 0, 0, 4, 2563.16
1461525569, 19, 2, 8, 0, 0, 0.03%, 0, 0, 4, 2587.30
1461525574, 19, 3, 8, 0, 0, 0.03%, 0, 0, 4, 2599.60
1461525579, 19, 4, 8, 0, 0, 0.03%, 0, 0, 4, 2599.65
1461525584, 19, 5, 8, 0, 0, 0.03%, 0, 0, 4, 2593.94
1461525590, 19, 6, 8, 0, 0, 0.03%, 0, 0, 4, 2594.45
1461525595, 19, 7, 8, 0, 0, 0.03%, 0, 0, 4, 2604.29
1461525600, 20, 1, 8, 0, 0, 0.03%, 0, 0, 4, 2592.73
1461525605, 20, 2, 8, 0, 0, 0.03%, 0, 0, 4, 2597.15
1461525610, 20, 3, 8, 0, 0, 0.03%, 0, 0, 4, 2598.86
1461525615, 20, 4, 8, 0, 0, 0.03%, 0, 0, 4, 2590.37
1461525620, 20, 5, 8, 0, 0, 0.03%, 0, 0, 4, 2606.00
1461525625, 20, 6, 8, 0, 0, 0.03%, 0, 0, 4, 2595.32
1461525630, 20, 7, 8, 0, 0, 0.03%, 0, 0, 4, 2610.31
1461525635, 21, 1, 8, 0, 0, 0.03%, 0, 0, 4, 2602.05
1461525640, 21, 2, 8, 0, 0, 0.03%, 0, 0, 4, 2604.32
1461525645, 21, 3, 8, 0, 0, 0.03%, 0, 0, 4, 2595.88
1461525650, 21, 4, 8, 0, 0, 0.03%, 0, 0, 4, 2592.07
1461525655, 21, 5, 8, 0, 0, 0.03%, 0, 0, 4, 2594.91
1461525666, 21, 6, 8, 0, 0, 0.03%, 0, 0, 4, 2616.24
1461525671, 22, 0, 8, 0, 0, 0.03%, 0, 0, 4, 2624.91
1461525676, 22, 1, 8, 0, 0, 0.03%, 0, 0, 4, 2613.67
1461525681, 22, 2, 8, 0, 0, 0.03%, 0, 0, 4, 2605.99
1461525686, 22, 3, 8, 0, 0, 0.03%, 0, 0, 4, 2611.61
1461525691, 22, 4, 8, 0, 0, 0.03%, 0, 0, 4, 2602.98
1461525696, 22, 5, 8, 0, 0, 0.03%, 0, 0, 4, 2605.63
1461525701, 22, 6, 8, 0, 0, 0.03%, 0, 0, 4, 2609.69
1461525706, 22, 7, 8, 0, 0, 0.03%, 0, 0, 4, 2602.92
1461525711, 23, 1, 8, 0, 0, 0.03%, 0, 0, 4, 2593.75
1461525716, 23, 2, 8, 0, 0, 0.03%, 0, 0, 4, 2603.60
1461525721, 23, 3, 8, 0, 0, 0.03%, 0, 0, 4, 2606.01
1461525726, 23, 4, 8, 0, 0, 0.03%, 0, 0, 4, 2627.55
1461525731, 23, 5, 8, 0, 0, 0.03%, 0, 0, 4, 2610.32
1461525736, 23, 6, 8, 0, 0, 0.03%, 0, 0, 4, 2613.07
1461525742, 23, 7, 8, 0, 0, 0.03%, 0, 0, 4, 2613.98
1461525747, 24, 1, 8, 0, 0, 0.03%, 0, 0, 4, 2601.00
1461525752, 24, 2, 8, 0, 0, 0.03%, 0, 0, 4, 2592.81
1461525757, 24, 3, 8, 0, 0, 0.03%, 0, 0, 4, 2593.76
1461525762, 24, 4, 8, 0, 0, 0.03%, 0, 0, 4, 2599.58
1461525767, 24, 5, 8, 0, 0, 0.03%, 0, 0, 4, 2594.84
1461525772, 24, 6, 8, 0, 0, 0.03%, 0, 0, 4, 2604.49
1461525777, 24, 7, 8, 0, 0, 0.03%, 0, 0, 4, 2605.10
1461525782, 25, 1, 8, 0, 0, 0.03%, 0, 0, 4, 2592.97
1461525787, 25, 2, 8, 0, 0, 0.03%, 0, 0, 4, 2598.53
1461525792, 25, 3, 8, 0, 0, 0.03%, 0, 0, 4, 2597.94
1461525797, 25, 4, 8, 0, 0, 0.03%, 0, 0, 4, 2592.82
1461525802, 25, 5, 8, 0, 0, 0.03%, 0, 0, 4, 2594.71
1461525807, 25, 6, 8, 0, 0, 0.03%, 0, 0, 4, 2599.43
1461525812, 25, 7, 8, 0, 0, 0.03%, 0, 0, 4, 2602.39
1461525818, 26, 0, 8, 0, 0, 0.03%, 0, 0, 4, 2597.74
1461525823, 26, 1, 8, 0, 0, 0.03%, 0, 0, 4, 2604.03
1461525828, 26, 2, 8, 0, 0, 0.03%, 0, 0, 4, 2604.17
1461525833, 26, 3, 8, 0, 0, 0.03%, 0, 0, 4, 2596.73
1461525838, 26, 4, 8, 0, 0, 0.03%, 0, 0, 4, 2598.34
1461525843, 26, 5, 8, 0, 0, 0.03%, 0, 0, 4, 2601.63
1461525848, 26, 6, 8, 0, 0, 0.03%, 0, 0, 4, 2596.86
1461525853, 27, 0, 8, 0, 0, 0.03%, 0, 0, 4, 2606.59
1461525858, 27, 1, 8, 0, 0, 0.03%, 0, 0, 4, 2595.95
1461525863, 27, 2, 8, 0, 0, 0.03%, 0, 0, 4, 2604.39
1461525868, 27, 3, 8, 0, 0, 0.03%, 0, 0, 4, 2595.79
1461525873, 27, 4, 8, 0, 0, 0.03%, 0, 0, 4, 2605.06
1461525878, 27, 5, 8, 0, 0, 0.03%, 0, 0, 4, 2621.63
1461525883, 27, 6, 8, 0, 0, 0.03%, 0, 0, 4, 2610.65
1461525888, 27, 7, 8, 0, 0, 0.03%, 0, 0, 4, 2613.51
1461525893, 28, 1, 8, 0, 0, 0.03%, 0, 0, 4, 2608.84
1461525899, 28, 2, 8, 0, 0, 0.03%, 0, 0, 4, 2600.98
1461525904, 28, 3, 8, 0, 0, 0.03%, 0, 0, 4, 2603.79
1461525909, 28, 4, 8, 0, 0, 0.03%, 0, 0, 4, 2601.82
1461525914, 28, 5, 8, 0, 0, 0.03%, 0, 0, 4, 2607.36
1461525919, 28, 6, 8, 0, 0, 0.03%, 0, 0, 4, 2601.17
1461525924, 28, 7, 8, 0, 0, 0.03%, 0, 0, 4, 2612.32
1461525929, 29, 1, 8, 0, 0, 0.03%, 0, 0, 4, 2621.31
1461525934, 29, 2, 8, 0, 0, 0.03%, 0, 0, 4, 2611.37
1461525939, 29, 3, 8, 0, 0, 0.03%, 0, 0, 4, 2621.17
1461525949, 29, 4, 8, 0, 0, 0.03%, 0, 0, 4, 2607.09
1461525954, 29, 5, 8, 0, 0, 0.03%, 0, 0, 4, 2598.54
1461525959, 29, 6, 8, 0, 0, 0.03%, 0, 0, 4, 2605.27
1461525964, 29, 7, 8, 0, 0, 0.03%, 0, 0, 4, 2617.20
1461525970, 30, 1, 8, 0, 0, 0.03%, 0, 0, 4, 2617.90
1461525975, 30, 2, 8, 0, 0, 0.03%, 0, 0, 4, 2615.13
1461525980, 30, 3, 8, 0, 0, 0.03%, 0, 0, 4, 2616.91
1461525985, 30, 4, 8, 0, 0, 0.03%, 0, 0, 4, 2619.35
1461525990, 30, 5, 8, 0, 0, 0.03%, 0, 0, 4, 2604.46
1461525995, 30, 6, 8, 0, 0, 0.03%, 0, 0, 4, 2600.52
1461526000, 30, 7, 8, 0, 0, 0.03%, 0, 0, 4, 2602.55
1461526005, 31, 0, 8, 0, 0, 0.03%, 0, 0, 4, 2599.15
1461526010, 31, 2, 8, 0, 0, 0.03%, 0, 0, 4, 2602.98
1461526020, 31, 4, 8, 0, 0, 0.03%, 0, 0, 4, 2602.55
1461526025, 31, 5, 8, 0, 0, 0.03%, 0, 0, 4, 2596.41
1461526030, 31, 6, 8, 0, 0, 0.03%, 0, 0, 4, 2606.00
1461526035, 31, 7, 8, 0, 0, 0.03%, 0, 0, 4, 2602.53
1461526040, 32, 0, 8, 0, 0, 0.03%, 0, 0, 4, 2609.01
1461526045, 32, 1, 8, 0, 0, 0.03%, 0, 0, 4, 2596.64
1461526050, 32, 2, 8, 0, 0, 0.03%, 0, 0, 4, 2597.51
1461526056, 32, 3, 8, 0, 0, 0.03%, 0, 0, 4, 2599.20
1461526061, 32, 4, 8, 0, 0, 0.03%, 0, 0, 4, 2597.97
1461526066, 32, 5, 8, 0, 0, 0.03%, 0, 0, 4, 2606.57
1461526071, 32, 6, 8, 0, 0, 0.03%, 0, 0, 4, 2621.78
1461526076, 33, 0, 8, 0, 0, 0.03%, 0, 0, 4, 2593.33
1461526081, 33, 1, 8, 0, 0, 0.03%, 0, 0, 4, 2592.60
1461526086, 33, 2, 8, 0, 0, 0.03%, 0, 0, 4, 2599.10
1461526091, 33, 3, 8, 0, 0, 0.03%, 0, 0, 4, 2598.99
1461526096, 33, 4, 8, 0, 0, 0.03%, 0, 0, 4, 2615.03
1461526101, 33, 5, 8, 0, 0, 0.03%, 0, 0, 4, 2601.07
1461526106, 33, 6, 8, 0, 0, 0.03%, 0, 0, 4, 2608.26
1461526111, 33, 7, 8, 0, 0, 0.03%, 0, 0, 4, 2610.03
1461526116, 34, 1, 8, 0, 0, 0.03%, 0, 0, 4, 2610.91
1461526121, 34, 2, 8, 0, 0, 0.03%, 0, 0, 4, 2608.21
1461526126, 34, 3, 8, 0, 0, 0.03%, 0, 0, 4, 2599.07
1461526132, 34, 4, 8, 0, 0, 0.03%, 0, 0, 4, 2598.35
1461526137, 34, 5, 8, 0, 0, 0.03%, 0, 0, 4, 2609.40
1461526142, 34, 6, 8, 0, 0, 0.03%, 0, 0, 4, 2615.23
1461526152, 35, 0, 8, 0, 0, 0.03%, 0, 0, 4, 2611.17
1461526157, 35, 1, 8, 0, 0, 0.03%, 0, 0, 4, 2614.82
1461526162, 35, 2, 8, 0, 0, 0.03%, 0, 0, 4, 2600.88
1461526167, 35, 3, 8, 0, 0, 0.03%, 0, 0, 4, 2609.79
1461526172, 35, 4, 8, 0, 0, 0.03%, 0, 0, 4, 2602.12
1461526177, 35, 5, 8, 0, 0, 0.03%, 0, 0, 4, 2601.67
1461526182, 35, 6, 8, 0, 0, 0.03%, 0, 0, 4, 2605.52
1461526187, 35, 7, 8, 0, 0, 0.03%, 0, 0, 4, 2623.38
1461526192, 36, 1, 8, 0, 0, 0.03%, 0, 0, 4, 2609.95
1461526197, 36, 2, 8, 0, 0, 0.03%, 0, 0, 4, 2607.67
1461526202, 36, 3, 8, 0, 0, 0.03%, 0, 0, 4, 2599.93
1461526207, 36, 4, 8, 0, 0, 0.03%, 0, 0, 4, 2601.55
1461526212, 36, 5, 8, 0, 0, 0.03%, 0, 0, 4, 2601.12
1461526217, 36, 6, 8, 0, 0, 0.03%, 0, 0, 4, 2606.82
1461526223, 36, 7, 8, 0, 0, 0.03%, 0, 0, 4, 2607.87
1461526228, 37, 1, 8, 0, 0, 0.03%, 0, 0, 4, 2616.40
1461526233, 37, 2, 8, 0, 0, 0.03%, 0, 0, 4, 2607.92
1461526243, 37, 3, 8, 0, 0, 0.03%, 0, 0, 4, 2600.19
1461526248, 37, 4, 8, 0, 0, 0.03%, 0, 0, 4, 2609.53
1461526253, 37, 5, 8, 0, 0, 0.03%, 0, 0, 4, 2601.19
1461526258, 37, 6, 8, 0, 0, 0.03%, 0, 0, 4, 2602.13
1461526263, 37, 7, 8, 0, 0, 0.03%, 0, 0, 4, 2600.91
1461526268, 38, 1, 8, 0, 0, 0.03%, 0, 0, 4, 2602.39
1461526273, 38, 2, 8, 0, 0, 0.03%, 0, 0, 4, 2604.70
1461526278, 38, 3, 8, 0, 0, 0.03%, 0, 0, 4, 2607.06
1461526283, 38, 4, 8, 0, 0, 0.03%, 0, 0, 4, 2603.72
1461526288, 38, 5, 8, 0, 0, 0.03%, 0, 0, 4, 2609.27
1461526293, 38, 6, 8, 0, 0, 0.03%, 0, 0, 4, 2602.48
1461526298, 38, 7, 8, 0, 0, 0.03%, 0, 0, 4, 2606.22
1461526303, 39, 1, 8, 0, 0, 0.03%, 0, 0, 4, 2601.00
1461526308, 39, 2, 8, 0, 0, 0.03%, 0, 0, 4, 2604.87
1461526313, 39, 3, 8, 0, 0, 0.03%, 0, 0, 4, 2608.15
1461526319, 39, 4, 8, 0, 0, 0.03%, 0, 0, 4, 2607.84
1461526324, 39, 5, 8, 0, 0, 0.03%, 0, 0, 4, 2612.28
1461526329, 39, 6, 8, 0, 0, 0.03%, 0, 0, 4, 2605.11
1461526334, 39, 7, 8, 0, 0, 0.03%, 0, 0, 4, 2613.04
1461526339, 40, 1, 8, 0, 0, 0.03%, 0, 0, 4, 2608.80
1461526344, 40, 2, 8, 0, 0, 0.03%, 0, 0, 4, 2608.17
1461526349, 40, 3, 8, 0, 0, 0.03%, 0, 0, 4, 2609.78
1461526354, 40, 4, 8, 0, 0, 0.03%, 0, 0, 4, 2604.65
1461526359, 40, 5, 8, 0, 0, 0.03%, 0, 0, 4, 2620.48
1461526364, 40, 6, 8, 0, 0, 0.03%, 0, 0, 4, 2612.39
1461526369, 40, 7, 8, 0, 0, 0.03%, 0, 0, 4, 2619.57
1461526374, 41, 0, 8, 0, 0, 0.03%, 0, 0, 4, 2609.49
1461526379, 41, 2, 8, 0, 0, 0.03%, 0, 0, 4, 2615.76
1461526384, 41, 3, 8, 0, 0, 0.03%, 0, 0, 4, 2604.09
1461526389, 41, 4, 8, 0, 0, 0.03%, 0, 0, 4, 2612.30
1461526394, 41, 5, 8, 0, 0, 0.03%, 0, 0, 4, 2606.79
1461526399, 41, 6, 8, 0, 0, 0.03%, 0, 0, 4, 2611.06
1461526404, 41, 7, 8, 0, 0, 0.03%, 0, 0, 4, 2608.92
1461526409, 42, 0, 8, 0, 0, 0.03%, 0, 0, 4, 2600.28
1461526415, 42, 1, 8, 0, 0, 0.03%, 0, 0, 4, 2592.65
1461526420, 42, 2, 8, 0, 0, 0.03%, 0, 0, 4, 2596.37
1461526425, 42, 3, 8, 0, 0, 0.03%, 0, 0, 4, 2604.58
1461526430, 42, 4, 8, 0, 0, 0.03%, 0, 0, 4, 2603.32
1461526435, 42, 5, 8, 0, 0, 0.03%, 0, 0, 4, 2601.61
1461526440, 42, 6, 8, 0, 0, 0.03%, 0, 0, 4, 2608.11
1461526445, 42, 7, 8, 0, 0, 0.03%, 0, 0, 4, 2610.07
1461526450, 43, 1, 8, 0, 0, 0.03%, 0, 0, 4, 2600.74
1461526455, 43, 2, 8, 0, 0, 0.03%, 0, 0, 4, 2605.35
1461526460, 43, 3, 8, 0, 0, 0.03%, 0, 0, 4, 2615.79
1461526466, 43, 4, 8, 0, 0, 0.03%, 0, 0, 4, 2610.70
1461526471, 43, 5, 8, 0, 0, 0.03%, 0, 0, 4, 2602.27
1461526476, 43, 6, 8, 0, 0, 0.03%, 0, 0, 4, 2599.07
1461526481, 43, 7, 8, 0, 0, 0.03%, 0, 0, 4, 2603.63
1461526486, 44, 1, 8, 0, 0, 0.03%, 0, 0, 4, 2600.98
1461526491, 44, 2, 8, 0, 0, 0.03%, 0, 0, 4, 2619.45
1461526496, 44, 3, 8, 0, 0, 0.03%, 0, 0, 4, 2607.50
1461526501, 44, 4, 8, 0, 0, 0.03%, 0, 0, 4, 2620.32
1461526506, 44, 5, 8, 0, 0, 0.03%, 0, 0, 4, 2606.80
1461526516, 44, 6, 8, 0, 0, 0.03%, 0, 0, 4, 2619.04
1461526521, 45, 0, 8, 0, 0, 0.03%, 0, 0, 4, 2611.85
1461526526, 45, 1, 8, 0, 0, 0.03%, 0, 0, 4, 2607.13
1461526532, 45, 2, 8, 0, 0, 0.03%, 0, 0, 4, 2612.64
1461526537, 45, 3, 8, 0, 0, 0.03%, 0, 0, 4, 2613.17
1461526542, 45, 4, 8, 0, 0, 0.03%, 0, 0, 4, 2599.21
1461526547, 45, 5, 8, 0, 0, 0.03%, 0, 0, 4, 2599.24
1461526552, 45, 6, 8, 0, 0, 0.03%, 0, 0, 4, 2599.94
1461526557, 45, 7, 8, 0, 0, 0.03%, 0, 0, 4, 2594.42
1461526562, 46, 1, 8, 0, 0, 0.03%, 0, 0, 4, 2594.36
1461526567, 46, 2, 8, 0, 0, 0.03%, 0, 0, 4, 2606.10
1461526572, 46, 3, 8, 0, 0, 0.03%, 0, 0, 4, 2599.71
1461526577, 46, 4, 8, 0, 0, 0.03%, 0, 0, 4, 2602.60
1461526582, 46, 5, 8, 0, 0, 0.03%, 0, 0, 4, 2604.45
1461526587, 46, 6, 8, 0, 0, 0.03%, 0, 0, 4, 2599.65
1461526592, 46, 7, 8, 0, 0, 0.03%, 0, 0, 4, 2611.34
1461526597, 47, 0, 8, 0, 0, 0.03%, 0, 0, 4, 2607.22
1461526602, 47, 1, 8, 0, 0, 0.03%, 0, 0, 4, 2606.39
1461526607, 47, 2, 8, 0, 0, 0.03%, 0, 0, 4, 2602.70
1461526612, 47, 4, 8, 0, 0, 0.03%, 0, 0, 4, 2599.43
1461526617, 47, 5, 8, 0, 0, 0.03%, 0, 0, 4, 2613.42
1461526628, 47, 6, 8, 0, 0, 0.03%, 0, 0, 4, 2613.56
1461526633, 48, 0, 8, 0, 0, 0.03%, 0, 0, 4, 2621.82
1461526638, 48, 1, 8, 0, 0, 0.03%, 0, 0, 4, 2618.17
1461526643, 48, 2, 8, 0, 0, 0.03%, 0, 0, 4, 2610.16
1461526648, 48, 3, 8, 0, 0, 0.03%, 0, 0, 4, 2598.59
1461526653, 48, 4, 8, 0, 0, 0.03%, 0, 0, 4, 2603.07
1461526658, 48, 5, 8, 0, 0, 0.03%, 0, 0, 4, 2614.31
1461526663, 48, 6, 8, 0, 0, 0.03%, 0, 0, 4, 2614.80
1461526668, 49, 0, 8, 0, 0, 0.03%, 0, 0, 4, 2621.95
1461526673, 49, 1, 8, 0, 0, 0.03%, 0, 0, 4, 2600.18
1461526678, 49, 2, 8, 0, 0, 0.03%, 0, 0, 4, 2609.75
1461526683, 49, 3, 8, 0, 0, 0.03%, 0, 0, 4, 2591.06
1461526688, 49, 4, 8, 0, 0, 0.03%, 0, 0, 4, 2593.70
1461526694, 49, 5, 8, 0, 0, 0.03%, 0, 0, 4, 2600.93
1461526699, 49, 6, 8, 0, 0, 0.03%, 0, 0, 4, 2606.64
1461526704, 50, 0, 8, 0, 0, 0.03%, 0, 0, 4, 2599.10
1461526709, 50, 1, 8, 0, 0, 0.03%, 0, 0, 4, 2595.00
1461526714, 50, 2, 8, 0, 0, 0.03%, 0, 0, 4, 2594.40
1461526719, 50, 3, 8, 0, 0, 0.03%, 0, 0, 4, 2592.77
1461526724, 50, 4, 8, 0, 0, 0.03%, 0, 0, 4, 2588.69
1461526729, 50, 5, 8, 0, 0, 0.03%, 0, 0, 4, 2569.42
1461526734, 50, 6, 8, 0, 0, 0.03%, 0, 0, 4, 2515.71
1461526739, 50, 7, 8, 0, 0, 0.03%, 0, 0, 4, 2583.42
1461526744, 51, 1, 8, 0, 0, 0.03%, 0, 0, 4, 2617.12
1461526749, 51, 2, 8, 0, 0, 0.03%, 0, 0, 4, 2490.45
1461526754, 51, 3, 8, 0, 0, 0.03%, 0, 0, 4, 2461.61
1461526760, 51, 4, 8, 0, 0, 0.03%, 0, 0, 4, 2555.13
1461526765, 51, 5, 8, 0, 0, 0.03%, 0, 0, 4, 2592.97
1461526775, 51, 7, 8, 0, 0, 0.03%, 0, 0, 4, 2572.06
1461526780, 52, 0, 8, 0, 0, 0.03%, 0, 0, 4, 2534.79
1461526785, 52, 1, 8, 0, 0, 0.03%, 0, 0, 4, 2520.10
1461526790, 52, 2, 8, 0, 0, 0.03%, 0, 0, 4, 2300.07
1461526795, 52, 3, 8, 0, 0, 0.03%, 0, 0, 4, 2295.87
1461526800, 52, 4, 8, 0, 0, 0.03%, 0, 0, 4, 2263.42
1461526805, 52, 5, 8, 0, 0, 0.03%, 0, 0, 4, 2312.10
1461526810, 52, 6, 8, 0, 0, 0.03%, 0, 0, 4, 2308.34
1461526816, 52, 7, 8, 0, 0, 0.03%, 0, 0, 4, 2321.54
1461526821, 53, 0, 8, 0, 0, 0.03%, 0, 0, 4, 2326.85
1461526826, 53, 1, 8, 0, 0, 0.03%, 0, 0, 4, 2298.69
1461526831, 53, 2, 8, 0, 0, 0.03%, 0, 0, 4, 2327.95
1461526836, 53, 3, 8, 0, 0, 0.03%, 0, 0, 4, 2349.25
1461526841, 53, 4, 8, 0, 0, 0.03%, 0, 0, 4, 2299.26
1461526846, 53, 5, 8, 0, 0, 0.03%, 0, 0, 4, 2315.04
1461526851, 53, 6, 8, 0, 0, 0.03%, 0, 0, 4, 2238.93
1461526856, 53, 6, 8, 0, 0, 0.03%, 0, 1, 4, 2267.07
1461526862, 54, 0, 8, 0, 0, 0.03%, 0, 1, 4, 2302.39
1461526867, 54, 1, 8, 0, 0, 0.03%, 0, 1, 4, 2298.97
1461526872, 54, 2, 8, 0, 0, 0.03%, 0, 1, 4, 2309.85
1461526877, 54, 3, 8, 0, 0, 0.03%, 0, 1, 4, 2312.34
1461526882, 54, 4, 8, 0, 0, 0.03%, 0, 1, 4, 2308.81
1461526887, 54, 5, 8, 0, 0, 0.03%, 0, 1, 4, 2310.77
1461526897, 54, 6, 8, 0, 0, 0.03%, 0, 1, 4, 2311.23
1461526902, 54, 7, 8, 0, 0, 0.03%, 0, 1, 4, 2306.12
1461526907, 55, 1, 8, 0, 0, 0.03%, 0, 1, 4, 2305.24
1461526913, 55, 2, 8, 0, 0, 0.03%, 0, 1, 4, 2325.50
1461526918, 55, 3, 8, 0, 0, 0.03%, 0, 1, 4, 2326.00
1461526928, 55, 4, 8, 0, 0, 0.03%, 0, 1, 4, 2291.04
1461526933, 55, 5, 8, 0, 0, 0.03%, 0, 1, 4, 2322.45
1461526938, 55, 6, 8, 0, 0, 0.03%, 0, 1, 4, 2317.18
1461526943, 55, 7, 8, 0, 0, 0.03%, 0, 1, 4, 2310.57
1461526948, 56, 1, 8, 0, 0, 0.03%, 0, 1, 4, 2324.25
1461526953, 56, 2, 8, 0, 0, 0.03%, 0, 1, 4, 2314.52
1461526963, 56, 3, 8, 0, 0, 0.03%, 0, 1, 4, 2325.73
1461526969, 56, 4, 8, 0, 0, 0.03%, 0, 1, 4, 2327.66
1461526974, 56, 5, 8, 0, 0, 0.03%, 0, 1, 4, 2292.33
1461526979, 56, 6, 8, 0, 0, 0.03%, 0, 1, 4, 2318.20
1461526984, 56, 7, 8, 0, 0, 0.03%, 0, 1, 4, 2317.56
1461526989, 57, 0, 8, 0, 0, 0.03%, 0, 1, 4, 2270.23
1461526994, 57, 1, 8, 0, 0, 0.03%, 0, 1, 4, 2194.87
1461526999, 57, 2, 8, 0, 0, 0.03%, 0, 1, 4, 2258.34
1461527004, 57, 3, 8, 0, 0, 0.03%, 0, 1, 4, 2299.17
1461527009, 57, 4, 8, 0, 0, 0.03%, 0, 1, 4, 2321.27
1461527014, 57, 5, 8, 0, 0, 0.03%, 0, 1, 4, 2329.07
1461527019, 57, 6, 8, 0, 0, 0.03%, 0, 1, 4, 2317.79
1461527030, 58, 0, 8, 0, 0, 0.03%, 0, 1, 4, 2279.15
1461527035, 58, 1, 8, 0, 0, 0.03%, 0, 1, 4, 2286.44
1461527040, 58, 2, 8, 0, 0, 0.03%, 0, 1, 4, 2324.59
1461527045, 58, 3, 8, 0, 0, 0.03%, 0, 1, 4, 2344.32
1461527050, 58, 4, 8, 0, 0, 0.03%, 0, 1, 4, 2130.31
1461527060, 58, 5, 8, 0, 0, 0.03%, 0, 1, 4, 2091.20
1461527065, 58, 6, 8, 0, 0, 0.03%, 0, 1, 4, 2236.10
1461527070, 58, 7, 8, 0, 0, 0.03%, 0, 1, 4, 2514.23
1461527075, 59, 0, 8, 0, 0, 0.03%, 0, 1, 4, 2588.79
1461527080, 59, 2, 8, 0, 0, 0.03%, 0, 1, 4, 2564.46
1461527085, 59, 3, 8, 0, 0, 0.03%, 0, 1, 4, 2592.70
1461527090, 59, 4, 8, 0, 0, 0.03%, 0, 1, 4, 2600.63
1461527095, 59, 5, 8, 0, 0, 0.03%, 0, 1, 4, 2599.41
1461527100, 59, 6, 8, 0, 0, 0.03%, 0, 1, 4, 2624.78
1461527106, 59, 7, 8, 0, 0, 0.03%, 0, 1, 4, 2634.04
1461527111, 60, 0, 8, 0, 0, 0.03%, 0, 1, 4, 2625.60
1461527116, 60, 1, 8, 0, 0, 0.03%, 0, 1, 4, 2622.10
1461527121, 60, 2, 8, 0, 0, 0.03%, 0, 1, 4, 2597.58
1461527126, 60, 3, 8, 0, 0, 0.03%, 0, 1, 4, 2610.06
1461527131, 60, 4, 8, 0, 0, 0.03%, 0, 1, 4, 2604.42
1461527136, 60, 5, 8, 0, 0, 0.03%, 0, 1, 4, 2595.74
1461527141, 60, 6, 8, 0, 0, 0.03%, 0, 1, 4, 2621.46
1461527146, 61, 0, 8, 0, 0, 0.03%, 0, 1, 4, 2618.11
1461527151, 61, 1, 8, 0, 0, 0.03%, 0, 1, 4, 2622.13
1461527156, 61, 2, 8, 0, 0, 0.03%, 0, 1, 4, 2628.19
1461527161, 61, 3, 8, 0, 0, 0.03%, 0, 1, 4, 2596.95
1461527166, 61, 4, 8, 0, 0, 0.03%, 0, 1, 4, 2621.30
1461527171, 61, 5, 8, 0, 0, 0.03%, 0, 1, 4, 2626.14
1461527176, 61, 6, 8, 0, 0, 0.03%, 0, 1, 4, 2601.61
1461527181, 61, 7, 8, 0, 0, 0.03%, 0, 1, 4, 2611.68
1461527186, 62, 1, 8, 0, 0, 0.03%, 0, 1, 4, 2623.82
1461527191, 62, 2, 8, 0, 0, 0.03%, 0, 1, 4, 2615.29
1461527196, 62, 3, 8, 0, 0, 0.03%, 0, 1, 4, 2615.18
1461527202, 62, 4, 8, 0, 0, 0.03%, 0, 1, 4, 2557.70
1461527207, 62, 5, 8, 0, 0, 0.03%, 0, 1, 4, 2515.77
1461527212, 62, 6, 8, 0, 0, 0.03%, 0, 1, 4, 2428.22
1461527222, 63, 0, 8, 0, 0, 0.03%, 0, 1, 4, 2476.13
1461527227, 63, 1, 8, 0, 0, 0.03%, 0, 1, 4, 2453.81
1461527232, 63, 2, 8, 0, 0, 0.03%, 0, 1, 4, 2463.24
1461527237, 63, 3, 8, 0, 0, 0.03%, 0, 1, 4, 2348.68
1461527242, 63, 4, 8, 0, 0, 0.03%, 0, 1, 4, 2557.80
1461527247, 63, 5, 8, 0, 0, 0.03%, 0, 1, 4, 2574.99
1461527252, 63, 6, 8, 0, 0, 0.03%, 0, 1, 4, 2621.21
1461527257, 63, 7, 8, 0, 0, 0.03%, 0, 1, 4, 2625.92
1461527262, 64, 1, 8, 0, 0, 0.03%, 0, 1, 4, 2561.32
1461527267, 64, 2, 8, 0, 0, 0.03%, 0, 1, 4, 2612.54
1461527272, 64, 3, 8, 0, 0, 0.03%, 0, 1, 4, 2634.85
1461527277, 64, 4, 8, 0, 0, 0.03%, 0, 1, 4, 2633.99
1461527282, 64, 5, 8, 0, 0, 0.03%, 0, 1, 4, 2619.53
1461527287, 64, 6, 8, 0, 0, 0.03%, 0, 1, 4, 2641.26
1461527293, 64, 7, 8, 0, 0, 0.03%, 0, 1, 4, 2648.55
1461527298, 65, 1, 8, 0, 0, 0.03%, 0, 1, 4, 2649.18
1461527303, 65, 2, 8, 0, 0, 0.03%, 0, 1, 4, 2653.06
1461527308, 65, 3, 8, 0, 0, 0.03%, 0, 1, 4, 2604.95
1461527313, 65, 4, 8, 0, 0, 0.03%, 0, 1, 4, 2631.72
1461527318, 65, 5, 8, 0, 0, 0.03%, 0, 1, 4, 2643.73
1461527323, 65, 6, 8, 0, 0, 0.03%, 0, 1, 4, 2646.19
1461527328, 65, 7, 8, 0, 0, 0.03%, 0, 1, 4, 2649.27
1461527333, 66, 1, 8, 0, 0, 0.03%, 0, 1, 4, 2642.93
1461527338, 66, 2, 8, 0, 0, 0.03%, 0, 1, 4, 2640.06
1461527343, 66, 3, 8, 0, 0, 0.03%, 0, 1, 4, 2641.15
1461527348, 66, 4, 8, 0, 0, 0.03%, 0, 1, 4, 2643.50
1461527353, 66, 5, 8, 0, 0, 0.03%, 0, 1, 4, 2647.35
1461527358, 66, 6, 8, 0, 0, 0.03%, 0, 1, 4, 2647.83
1461527363, 66, 7, 8, 0, 0, 0.03%, 0, 1, 4, 2640.80
1461527368, 67, 1, 8, 0, 0, 0.03%, 0, 1, 4, 2643.54
1461527373, 67, 2, 8, 0, 0, 0.03%, 0, 1, 4, 2642.37
1461527378, 67, 3, 8, 0, 0, 0.03%, 0, 1, 4, 2638.81
1461527388, 67, 5, 8, 0, 0, 0.03%, 0, 1, 4, 2648.91
1461527394, 67, 6, 8, 0, 0, 0.03%, 0, 1, 4, 2642.60
1461527399, 67, 7, 8, 0, 0, 0.03%, 0, 1, 4, 2645.75
1461527404, 68, 0, 8, 0, 0, 0.03%, 0, 1, 4, 2652.71
1461527409, 68, 2, 8, 0, 0, 0.03%, 0, 1, 4, 2650.16
1461527419, 68, 4, 8, 0, 0, 0.03%, 0, 1, 4, 2645.69
1461527424, 68, 5, 8, 0, 0, 0.03%, 0, 1, 4, 2645.55
1461527429, 68, 6, 8, 0, 0, 0.03%, 0, 1, 4, 2645.54
1461527439, 69, 0, 8, 0, 0, 0.03%, 0, 1, 4, 2648.89
1461527444, 69, 1, 8, 0, 0, 0.03%, 0, 1, 4, 2643.37
1461527449, 69, 2, 8, 0, 0, 0.03%, 0, 1, 4, 2643.57
1461527454, 69, 3, 8, 0, 0, 0.03%, 0, 1, 4, 2643.95
1461527460, 69, 4, 8, 0, 0, 0.03%, 0, 1, 4, 2645.04
1461527465, 69, 5, 8, 0, 0, 0.03%, 0, 1, 4, 2648.37
1461527470, 69, 6, 8, 0, 0, 0.03%, 0, 1, 4, 2650.96
1461527475, 70, 0, 8, 0, 0, 0.03%, 0, 1, 4, 2649.29
1461527480, 70, 1, 8, 0, 0, 0.03%, 0, 1, 4, 2644.01
1461527485, 70, 2, 8, 0, 0, 0.03%, 0, 1, 4, 2643.16
1461527490, 70, 3, 8, 0, 0, 0.03%, 0, 1, 4, 2641.63
1461527495, 70, 4, 8, 0, 0, 0.03%, 0, 1, 4, 2646.29
1461527500, 70, 5, 8, 0, 0, 0.03%, 0, 1, 4, 2645.85
1461527505, 70, 6, 8, 0, 0, 0.03%, 0, 1, 4, 2650.24
1461527510, 70, 7, 8, 0, 0, 0.03%, 0, 1, 4, 2652.56
1461527515, 71, 1, 8, 0, 0, 0.03%, 0, 1, 4, 2645.18
1461527520, 71, 2, 8, 0, 0, 0.03%, 0, 1, 4, 2642.59
1461527525, 71, 3, 8, 0, 0, 0.03%, 0, 1, 4, 2650.04
1461527530, 71, 4, 8, 0, 0, 0.03%, 0, 1, 4, 2649.96
1461527536, 71, 5, 8, 0, 0, 0.03%, 0, 1, 4, 2649.34
1461527541, 71, 6, 8, 0, 0, 0.03%, 0, 1, 4, 2650.98
1461527546, 71, 7, 8, 0, 0, 0.03%, 0, 1, 4, 2655.13
1461527551, 72, 1, 8, 0, 0, 0.03%, 0, 1, 4, 2654.40
1461527556, 72, 2, 8, 0, 0, 0.03%, 0, 1, 4, 2644.81
1461527561, 72, 3, 8, 0, 0, 0.03%, 0, 1, 4, 2640.43
1461527566, 72, 4, 8, 0, 0, 0.03%, 0, 1, 4, 2649.58
1461527571, 72, 5, 8, 0, 0, 0.03%, 0, 1, 4, 2653.44
1461527576, 72, 6, 8, 0, 0, 0.03%, 0, 1, 4, 2649.85
1461527581, 72, 7, 8, 0, 0, 0.03%, 0, 1, 4, 2645.27
1461527587, 73, 1, 8, 0, 0, 0.03%, 0, 1, 4, 2644.55
1461527592, 73, 2, 8, 0, 0, 0.03%, 0, 1, 4, 2647.57
1461527597, 73, 3, 8, 0, 0, 0.03%, 0, 1, 4, 2645.40
1461527602, 73, 4, 8, 0, 0, 0.03%, 0, 1, 4, 2652.23
1461527607, 73, 5, 8, 0, 0, 0.03%, 0, 1, 4, 2642.29
1461527617, 73, 6, 8, 0, 0, 0.03%, 0, 1, 4, 2204.52
1461527622, 74, 0, 8, 0, 0, 0.03%, 0, 1, 4, 2553.41
1461527627, 74, 1, 8, 0, 0, 0.03%, 0, 1, 4, 2619.92
1461527632, 74, 2, 8, 0, 0, 0.03%, 0, 1, 4, 2637.73
1461527637, 74, 3, 8, 0, 0, 0.03%, 0, 1, 4, 2637.05
1461527642, 74, 4, 8, 0, 0, 0.03%, 0, 1, 4, 2644.46
1461527648, 74, 5, 8, 0, 0, 0.03%, 0, 1, 4, 2650.69
1461527653, 74, 6, 8, 0, 0, 0.03%, 0, 1, 4, 2649.47
1461527658, 74, 7, 8, 0, 0, 0.03%, 0, 1, 4, 2654.41
1461527663, 75, 1, 8, 0, 0, 0.03%, 0, 1, 4, 2645.74
1461527668, 75, 2, 8, 0, 0, 0.03%, 0, 1, 4, 2651.02
1461527673, 75, 3, 8, 0, 0, 0.03%, 0, 1, 4, 2642.51
1461527678, 75, 4, 8, 0, 0, 0.03%, 0, 1, 4, 2649.84
1461527683, 75, 5, 8, 0, 0, 0.03%, 0, 1, 4, 2645.38
1461527688, 75, 6, 8, 0, 0, 0.03%, 0, 1, 4, 2649.86
1461527693, 75, 7, 8, 0, 0, 0.03%, 0, 1, 4, 2650.28
1461527698, 76, 0, 8, 0, 0, 0.03%, 0, 1, 4, 2647.03
1461527703, 76, 1, 8, 0, 0, 0.03%, 0, 1, 4, 2650.32
1461527708, 76, 2, 8, 0, 0, 0.03%, 0, 1, 4, 2647.51
1461527713, 76, 3, 8, 0, 0, 0.03%, 0, 1, 4, 2650.23
1461527718, 76, 4, 8, 0, 0, 0.03%, 0, 1, 4, 2655.75
1461527723, 76, 5, 8, 0, 0, 0.03%, 0, 1, 4, 2652.21
1461527728, 76, 6, 8, 0, 0, 0.03%, 0, 1, 4, 2649.60
1461527734, 77, 0, 8, 0, 0, 0.03%, 0, 1, 4, 2650.89
1461527739, 77, 1, 8, 0, 0, 0.03%, 0, 1, 4, 2644.28
1461527744, 77, 2, 8, 0, 0, 0.03%, 0, 1, 4, 2639.52
1461527749, 77, 3, 8, 0, 0, 0.03%, 0, 1, 4, 2645.97
1461527754, 77, 4, 8, 0, 0, 0.03%, 0, 1, 4, 2649.95
1461527759, 77, 5, 8, 0, 0, 0.03%, 0, 1, 4, 2651.13
1461527764, 77, 6, 8, 0, 0, 0.03%, 0, 1, 4, 2649.09
1461527769, 77, 7, 8, 0, 0, 0.03%, 0, 1, 4, 2646.72
1461527774, 78, 1, 8, 0, 0, 0.03%, 0, 1, 4, 2650.25
1461527779, 78, 2, 8, 0, 0, 0.03%, 0, 1, 4, 2647.52
1461527784, 78, 3, 8, 0, 0, 0.03%, 0, 1, 4, 2643.91
1461527789, 78, 4, 8, 0, 0, 0.03%, 0, 1, 4, 2650.64
1461527794, 78, 5, 8, 0, 0, 0.03%, 0, 1, 4, 2650.39
1461527799, 78, 6, 8, 0, 0, 0.03%, 0, 1, 4, 2649.56
1461527804, 78, 7, 8, 0, 0, 0.03%, 0, 1, 4, 2652.37
1461527810, 79, 1, 8, 0, 0, 0.03%, 0, 1, 4, 2648.30
1461527815, 79, 2, 8, 0, 0, 0.03%, 0, 1, 4, 2643.25
1461527820, 79, 3, 8, 0, 0, 0.03%, 0, 1, 4, 2649.17
1461527825, 79, 4, 8, 0, 0, 0.03%, 0, 1, 4, 2647.61
1461527830, 79, 5, 8, 0, 0, 0.03%, 0, 1, 4, 2653.69
1461527835, 79, 6, 8, 0, 0, 0.03%, 0, 1, 4, 2650.84
1461527840, 79, 7, 8, 0, 0, 0.03%, 0, 1, 4, 2651.84
1461527845, 80, 1, 8, 0, 0, 0.03%, 0, 1, 4, 2658.33
1461527850, 80, 2, 8, 0, 0, 0.03%, 0, 1, 4, 2643.01
1461527855, 80, 3, 8, 0, 0, 0.03%, 0, 1, 4, 2653.72
1461527860, 80, 4, 8, 0, 0, 0.03%, 0, 1, 4, 2651.26
1461527865, 80, 5, 8, 0, 0, 0.03%, 0, 1, 4, 2649.18
1461527871, 80, 6, 8, 0, 0, 0.03%, 0, 1, 4, 2646.24
1461527876, 80, 7, 8, 0, 0, 0.03%, 0, 1, 4, 2651.54
1461527881, 81, 1, 8, 0, 0, 0.03%, 0, 1, 4, 2646.99
1461527886, 81, 2, 8, 0, 0, 0.03%, 0, 1, 4, 2647.98
1461527891, 81, 3, 8, 0, 0, 0.03%, 0, 1, 4, 2647.44
1461527896, 81, 4, 8, 0, 0, 0.03%, 0, 1, 4, 2645.47
1461527901, 81, 5, 8, 0, 0, 0.03%, 0, 1, 4, 2653.77
1461527906, 81, 6, 8, 0, 0, 0.03%, 0, 1, 4, 2646.62
1461527911, 81, 7, 8, 0, 0, 0.03%, 0, 1, 4, 2654.07
1461527916, 82, 1, 8, 0, 0, 0.03%, 0, 1, 4, 2653.52
1461527921, 82, 2, 8, 0, 0, 0.03%, 0, 1, 4, 2647.98
1461527926, 82, 3, 8, 0, 0, 0.03%, 0, 1, 4, 2650.71
1461527931, 82, 4, 8, 0, 0, 0.03%, 0, 1, 4, 2652.93
1461527937, 82, 5, 8, 0, 0, 0.03%, 0, 1, 4, 2654.29
1461527942, 82, 6, 8, 0, 0, 0.03%, 0, 1, 4, 2648.67
1461527947, 82, 7, 8, 0, 0, 0.03%, 0, 1, 4, 2653.02
1461527952, 83, 1, 8, 0, 0, 0.03%, 0, 1, 4, 2650.81
1461527957, 83, 2, 8, 0, 0, 0.03%, 0, 1, 4, 2649.02
1461527962, 83, 3, 8, 0, 0, 0.03%, 0, 1, 4, 2641.05
1461527967, 83, 4, 8, 0, 0, 0.03%, 0, 1, 4, 2643.80
1461527972, 83, 5, 8, 0, 0, 0.03%, 0, 1, 4, 2650.93
1461527977, 83, 6, 8, 0, 0, 0.03%, 0, 1, 4, 2646.74
1461527982, 83, 7, 8, 0, 0, 0.03%, 0, 1, 4, 2655.08
1461527987, 84, 1, 8, 0, 0, 0.03%, 0, 1, 4, 2649.43
1461527992, 84, 2, 8, 0, 0, 0.03%, 0, 1, 4, 2646.28
1461527997, 84, 3, 8, 0, 0, 0.03%, 0, 1, 4, 2633.36
1461528003, 84, 4, 8, 0, 0, 0.03%, 0, 1, 4, 2641.74
1461528008, 84, 5, 8, 0, 0, 0.03%, 0, 1, 4, 2650.91
1461528013, 84, 6, 8, 0, 0, 0.03%, 0, 1, 4, 2645.28
1461528023, 85, 0, 8, 0, 0, 0.03%, 0, 1, 4, 2645.64
1461528028, 85, 1, 8, 0, 0, 0.03%, 0, 1, 4, 2652.03
1461528033, 85, 2, 8, 0, 0, 0.03%, 0, 1, 4, 2644.16
1461528038, 85, 3, 8, 0, 0, 0.03%, 0, 1, 4, 2650.86
1461528043, 85, 4, 8, 0, 0, 0.03%, 0, 1, 4, 2649.98
1461528048, 85, 5, 8, 0, 0, 0.03%, 0, 1, 4, 2649.02
1461528053, 85, 6, 8, 0, 0, 0.03%, 0, 1, 4, 2651.54
1461528058, 86, 0, 8, 0, 0, 0.03%, 0, 1, 4, 2655.48
1461528063, 86, 1, 8, 0, 0, 0.03%, 0, 1, 4, 2644.79
1461528068, 86, 2, 8, 0, 0, 0.03%, 0, 1, 4, 2652.61
1461528073, 86, 3, 8, 0, 0, 0.03%, 0, 1, 4, 2649.24
1461528078, 86, 4, 8, 0, 0, 0.03%, 0, 1, 4, 2651.03
1461528083, 86, 5, 8, 0, 0, 0.03%, 0, 1, 4, 2658.28
1461528088, 86, 6, 8, 0, 0, 0.03%, 0, 1, 4, 2660.46
1461528093, 86, 7, 8, 0, 0, 0.03%, 0, 1, 4, 2653.35
1461528098, 87, 1, 8, 0, 0, 0.03%, 0, 1, 4, 2655.88
1461528103, 87, 2, 8, 0, 0, 0.03%, 0, 1, 4, 2647.02
1461528108, 87, 3, 8, 0, 0, 0.03%, 0, 1, 4, 2642.43
1461528113, 87, 4, 8, 0, 0, 0.03%, 0, 1, 4, 2648.11
1461528119, 87, 5, 8, 0, 0, 0.03%, 0, 1, 4, 2646.87
1461528124, 87, 6, 8, 0, 0, 0.03%, 0, 1, 4, 2649.47
1461528129, 87, 7, 8, 0, 0, 0.03%, 0, 1, 4, 2654.22
1461528134, 88, 0, 8, 0, 0, 0.03%, 0, 1, 4, 2652.28
1461528139, 88, 2, 8, 0, 0, 0.03%, 0, 1, 4, 2651.74
1461528144, 88, 3, 8, 0, 0, 0.03%, 0, 1, 4, 2646.40
1461528149, 88, 4, 8, 0, 0, 0.03%, 0, 1, 4, 2649.41
1461528154, 88, 5, 8, 0, 0, 0.03%, 0, 1, 4, 2652.30
1461528159, 88, 6, 8, 0, 0, 0.03%, 0, 1, 4, 2648.03
1461528164, 88, 7, 8, 0, 0, 0.03%, 0, 1, 4, 2651.66
1461528169, 89, 0, 8, 0, 0, 0.03%, 0, 1, 4, 2650.06
1461528174, 89, 1, 8, 0, 0, 0.03%, 0, 1, 4, 2648.62
1461528179, 89, 2, 8, 0, 0, 0.03%, 0, 1, 4, 2647.46
1461528185, 89, 3, 8, 0, 0, 0.03%, 0, 1, 4, 2646.34
1461528190, 89, 4, 8, 0, 0, 0.03%, 0, 1, 4, 2648.13
1461528195, 89, 5, 8, 0, 0, 0.03%, 0, 1, 4, 2648.53
1461528200, 89, 6, 8, 0, 0, 0.03%, 0, 1, 4, 2649.31
1461528205, 90, 0, 8, 0, 0, 0.03%, 0, 1, 4, 2643.73
1461528210, 90, 1, 8, 0, 0, 0.03%, 0, 1, 4, 2649.14
1461528215, 90, 2, 8, 0, 0, 0.03%, 0, 1, 4, 2642.56
1461528220, 90, 3, 8, 0, 0, 0.03%, 0, 1, 4, 2642.48
1461528225, 90, 4, 8, 0, 0, 0.03%, 0, 1, 4, 2651.32
1461528230, 90, 5, 8, 0, 0, 0.03%, 0, 1, 4, 2648.39
1461528235, 90, 6, 8, 0, 0, 0.03%, 0, 1, 4, 2650.68
1461528240, 90, 7, 8, 0, 0, 0.03%, 0, 1, 4, 2650.12
1461528245, 91, 1, 8, 0, 0, 0.03%, 0, 1, 4, 2650.11
1461528250, 91, 2, 8, 0, 0, 0.03%, 0, 1, 4, 2643.86
1461528255, 91, 3, 8, 0, 0, 0.03%, 0, 1, 4, 2645.64
1461528260, 91, 4, 8, 0, 0, 0.03%, 0, 1, 4, 2644.39
1461528265, 91, 5, 8, 0, 0, 0.03%, 0, 1, 4, 2643.51
1461528270, 91, 6, 8, 0, 0, 0.03%, 0, 1, 4, 2647.62
1461528275, 91, 7, 8, 0, 0, 0.03%, 0, 1, 4, 2648.96
1461528280, 92, 1, 8, 0, 0, 0.03%, 0, 1, 4, 2641.86
1461528286, 92, 2, 8, 0, 0, 0.03%, 0, 1, 4, 2645.33
1461528291, 92, 3, 8, 0, 0, 0.03%, 0, 1, 4, 2646.45
1461528296, 92, 4, 8, 0, 0, 0.03%, 0, 1, 4, 2645.86
1461528301, 92, 5, 8, 0, 0, 0.03%, 0, 1, 4, 2648.33
1461528306, 92, 6, 8, 0, 0, 0.03%, 0, 1, 4, 2643.77
1461528311, 92, 7, 8, 0, 0, 0.03%, 0, 1, 4, 2648.64
1461528316, 93, 1, 8, 0, 0, 0.03%, 0, 1, 4, 2650.38
1461528321, 93, 2, 8, 0, 0, 0.03%, 0, 1, 4, 2653.29
1461528326, 93, 3, 8, 0, 0, 0.03%, 0, 1, 4, 2652.00
1461528331, 93, 4, 8, 0, 0, 0.03%, 0, 1, 4, 2652.44
1461528336, 93, 5, 8, 0, 0, 0.03%, 0, 1, 4, 2648.05
1461528342, 93, 6, 8, 0, 0, 0.03%, 0, 1, 4, 2645.62
1461528347, 93, 7, 8, 0, 0, 0.03%, 0, 1, 4, 2656.09
1461528352, 94, 1, 8, 0, 0, 0.03%, 0, 1, 4, 2652.01
1461528357, 94, 2, 8, 0, 0, 0.03%, 0, 1, 4, 2644.78
1461528362, 94, 3, 8, 0, 0, 0.03%, 0, 1, 4, 2646.98
1461528367, 94, 4, 8, 0, 0, 0.03%, 0, 1, 4, 2637.38
1461528372, 94, 5, 8, 0, 0, 0.03%, 0, 1, 4, 2647.41
1461528377, 94, 6, 8, 0, 0, 0.03%, 0, 1, 4, 2652.71
1461528382, 94, 7, 8, 0, 0, 0.03%, 0, 1, 4, 2649.10
1461528387, 95, 0, 8, 0, 0, 0.03%, 0, 1, 4, 2651.84
1461528392, 95, 2, 8, 0, 0, 0.03%, 0, 1, 4, 2647.40
1461528397, 95, 3, 8, 0, 0, 0.03%, 0, 1, 4, 2644.59
1461528402, 95, 4, 8, 0, 0, 0.03%, 0, 1, 4, 2646.14
1461528407, 95, 5, 8, 0, 0, 0.03%, 0, 1, 4, 2642.63
1461528412, 95, 6, 8, 0, 0, 0.03%, 0, 1, 4, 2644.89
1461528417, 95, 7, 8, 0, 0, 0.03%, 0, 1, 4, 2651.70
1461528422, 96, 0, 8, 0, 0, 0.03%, 0, 1, 4, 2645.98
1461528427, 96, 1, 8, 0, 0, 0.03%, 0, 1, 4, 2645.56
1461528432, 96, 2, 8, 0, 0, 0.03%, 0, 1, 4, 2649.84
1461528437, 96, 3, 8, 0, 0, 0.03%, 0, 1, 4, 2649.45
1461528443, 96, 4, 8, 0, 0, 0.03%, 0, 1, 4, 2648.82
1461528448, 96, 6, 8, 0, 0, 0.03%, 0, 1, 4, 2653.41
1461528453, 96, 7, 8, 0, 0, 0.03%, 0, 1, 4, 2653.02
1461528458, 97, 0, 8, 0, 0, 0.03%, 0, 1, 4, 2650.66
1461528463, 97, 2, 8, 0, 0, 0.03%, 0, 1, 4, 2654.33
1461528468, 97, 3, 8, 0, 0, 0.03%, 0, 1, 4, 2648.51
1461528478, 97, 5, 8, 0, 0, 0.03%, 0, 1, 4, 2650.12
1461528488, 97, 6, 8, 0, 0, 0.03%, 0, 1, 4, 2650.96
1461528494, 98, 0, 8, 0, 0, 0.03%, 0, 1, 4, 2654.93
1461528499, 98, 1, 8, 0, 0, 0.03%, 0, 1, 4, 2653.84
1461528504, 98, 2, 8, 0, 0, 0.03%, 0, 1, 4, 2651.16
1461528509, 98, 3, 8, 0, 0, 0.03%, 0, 1, 4, 2639.82
1461528514, 98, 4, 8, 0, 0, 0.03%, 0, 1, 4, 2647.10
1461528519, 98, 5, 8, 0, 0, 0.03%, 0, 1, 4, 2650.91
1461528524, 98, 6, 8, 0, 0, 0.03%, 0, 1, 4, 2649.65
1461528529, 98, 7, 8, 0, 0, 0.03%, 0, 1, 4, 2651.57
1461528534, 99, 1, 8, 0, 0, 0.03%, 0, 1, 4, 2644.38
1461528539, 99, 2, 8, 0, 0, 0.03%, 0, 1, 4, 2647.38
1461528544, 99, 3, 8, 0, 0, 0.03%, 0, 1, 4, 2645.06
1461528549, 99, 4, 8, 0, 0, 0.03%, 0, 1, 4, 2644.14
1461528554, 99, 5, 8, 0, 0, 0.03%, 0, 1, 4, 2648.57
1461528560, 99, 6, 8, 0, 0, 0.03%, 0, 1, 4, 2650.10
1461528565, 99, 7, 8, 0, 0, 0.03%, 0, 1, 4, 2646.65
1461528570, 100, 1, 8, 0, 0, 0.03%, 0, 1, 4, 2650.19
1461528575, 100, 2, 8, 0, 0, 0.03%, 0, 1, 4, 2641.52
1461528580, 100, 3, 8, 0, 0, 0.03%, 0, 1, 4, 2644.05
1461528585, 100, 4, 8, 0, 0, 0.03%, 0, 1, 4, 2648.46
1461528590, 100, 5, 8, 0, 0, 0.03%, 0, 1, 4, 2652.28
1461528595, 100, 6, 8, 0, 0, 0.03%, 0, 1, 4, 2644.57
1461528600, 100, 7, 8, 0, 0, 0.03%, 0, 1, 4, 2652.13
1461528605, 101, 0, 8, 0, 0, 0.03%, 0, 1, 4, 2648.25
1461528610, 101, 2, 8, 0, 0, 0.03%, 0, 1, 4, 2652.53
1461528615, 101, 3, 8, 0, 0, 0.03%, 0, 1, 4, 2651.85
1461528620, 101, 4, 8, 0, 0, 0.03%, 0, 1, 4, 2648.16
1461528625, 101, 5, 8, 0, 0, 0.03%, 0, 1, 4, 2644.94
1461528630, 101, 6, 8, 0, 0, 0.03%, 0, 1, 4, 2651.13
1461528635, 101, 7, 8, 0, 0, 0.03%, 0, 1, 4, 2653.50
1461528640, 102, 0, 8, 0, 0, 0.03%, 0, 1, 4, 2655.80
1461528645, 102, 2, 8, 0, 0, 0.03%, 0, 1, 4, 2646.65
1461528655, 102, 4, 8, 0, 0, 0.03%, 0, 1, 4, 2649.96
1461528661, 102, 5, 8, 0, 0, 0.03%, 0, 1, 4, 2647.65
1461528666, 102, 6, 8, 0, 0, 0.03%, 0, 1, 4, 2647.60
1461528671, 102, 7, 8, 0, 0, 0.03%, 0, 1, 4, 2649.85
1461528676, 103, 0, 8, 0, 0, 0.03%, 0, 1, 4, 2648.34
1461528681, 103, 2, 8, 0, 0, 0.03%, 0, 1, 4, 2642.56
1461528691, 103, 3, 8, 0, 0, 0.03%, 0, 1, 4, 2649.45
1461528696, 103, 4, 8, 0, 0, 0.03%, 0, 1, 4, 2655.38
1461528701, 103, 5, 8, 0, 0, 0.03%, 0, 1, 4, 2653.80
1461528706, 103, 6, 8, 0, 0, 0.03%, 0, 1, 4, 2655.47
1461528711, 104, 0, 8, 0, 0, 0.03%, 0, 1, 4, 2651.58
1461528716, 104, 1, 8, 0, 0, 0.03%, 0, 1, 4, 2646.64
1461528721, 104, 2, 8, 0, 0, 0.03%, 0, 1, 4, 2645.87
1461528726, 104, 3, 8, 0, 0, 0.03%, 0, 1, 4, 2649.23
1461528731, 104, 4, 8, 0, 0, 0.03%, 0, 1, 4, 2649.99
1461528736, 104, 5, 8, 0, 0, 0.03%, 0, 1, 4, 2653.48
1461528741, 104, 6, 8, 0, 0, 0.03%, 0, 1, 4, 2654.95
1461528746, 104, 7, 8, 0, 0, 0.03%, 0, 1, 4, 2653.52
1461528751, 105, 1, 8, 0, 0, 0.03%, 0, 1, 4, 2654.18
1461528756, 105, 2, 8, 0, 0, 0.03%, 0, 1, 4, 2645.41
1461528762, 105, 3, 8, 0, 0, 0.03%, 0, 1, 4, 2649.78
1461528767, 105, 4, 8, 0, 0, 0.03%, 0, 1, 4, 2647.06
1461528772, 105, 5, 8, 0, 0, 0.03%, 0, 1, 4, 2651.30
1461528777, 105, 6, 8, 0, 0, 0.03%, 0, 1, 4, 2651.73
1461528782, 105, 7, 8, 0, 0, 0.03%, 0, 1, 4, 2649.36
1461528787, 106, 1, 8, 0, 0, 0.03%, 0, 1, 4, 2648.65
1461528792, 106, 2, 8, 0, 0, 0.03%, 0, 1, 4, 2650.09
1461528797, 106, 3, 8, 0, 0, 0.03%, 0, 1, 4, 2646.90
1461528802, 106, 4, 8, 0, 0, 0.03%, 0, 1, 4, 2652.51
1461528807, 106, 5, 8, 0, 0, 0.03%, 0, 1, 4, 2646.48
1461528812, 106, 6, 8, 0, 0, 0.03%, 0, 1, 4, 2647.67
1461528817, 106, 7, 8, 0, 0, 0.03%, 0, 1, 4, 2647.77
1461528822, 107, 1, 8, 0, 0, 0.03%, 0, 1, 4, 2649.45
1461528827, 107, 2, 8, 0, 0, 0.03%, 0, 1, 4, 2646.07
1461528832, 107, 3, 8, 0, 0, 0.03%, 0, 1, 4, 2639.78
1461528837, 107, 4, 8, 0, 0, 0.03%, 0, 1, 4, 2646.69
1461528842, 107, 5, 8, 0, 0, 0.03%, 0, 1, 4, 2655.18
1461528847, 107, 6, 8, 0, 0, 0.03%, 0, 1, 4, 2645.20
1461528853, 107, 7, 8, 0, 0, 0.03%, 0, 1, 4, 2652.12
1461528858, 108, 1, 8, 0, 0, 0.03%, 0, 1, 4, 2644.38
1461528863, 108, 2, 8, 0, 0, 0.03%, 0, 1, 4, 2642.49
1461528868, 108, 3, 8, 0, 0, 0.03%, 0, 1, 4, 2641.27
1461528873, 108, 4, 8, 0, 0, 0.03%, 0, 1, 4, 2643.25
1461528878, 108, 5, 8, 0, 0, 0.03%, 0, 1, 4, 2651.45
1461528883, 108, 6, 8, 0, 0, 0.03%, 0, 1, 4, 2650.06
1461528893, 109, 0, 8, 0, 0, 0.03%, 0, 1, 4, 2650.46
1461528898, 109, 1, 8, 0, 0, 0.03%, 0, 1, 4, 2656.70
1461528904, 109, 2, 8, 0, 0, 0.03%, 0, 1, 4, 2652.29
1461528909, 109, 3, 8, 0, 0, 0.03%, 0, 1, 4, 2651.72
1461528914, 109, 4, 8, 0, 0, 0.03%, 0, 1, 4, 2650.76
1461528919, 109, 5, 8, 0, 0, 0.03%, 0, 1, 4, 2643.92
1461528924, 109, 6, 8, 0, 0, 0.03%, 0, 1, 4, 2653.33
1461528929, 110, 0, 8, 0, 0, 0.03%, 0, 1, 4, 2657.60
1461528934, 110, 1, 8, 0, 0, 0.03%, 0, 1, 4, 2647.90
1461528939, 110, 2, 8, 0, 0, 0.03%, 0, 1, 4, 2647.87
1461528944, 110, 3, 8, 0, 0, 0.03%, 0, 1, 4, 2648.12
1461528949, 110, 4, 8, 0, 0, 0.03%, 0, 1, 4, 2645.64
1461528954, 110, 5, 8, 0, 0, 0.03%, 0, 1, 4, 2626.28
1461528959, 110, 6, 8, 0, 0, 0.03%, 0, 1, 4, 2645.69
1461528965, 111, 0, 8, 0, 0, 0.03%, 0, 1, 4, 2640.58
1461528970, 111, 1, 8, 0, 0, 0.03%, 0, 1, 4, 2646.82
1461528975, 111, 2, 8, 0, 0, 0.03%, 0, 1, 4, 2649.67
1461528980, 111, 3, 8, 0, 0, 0.03%, 0, 1, 4, 2649.85
1461528985, 111, 4, 8, 0, 0, 0.03%, 0, 1, 4, 2648.19
1461528990, 111, 5, 8, 0, 0, 0.03%, 0, 1, 4, 2641.85
1461528995, 111, 6, 8, 0, 0, 0.03%, 0, 1, 4, 2646.69
1461529000, 112, 0, 8, 0, 0, 0.03%, 0, 1, 4, 2651.17
1461529005, 112, 1, 8, 0, 0, 0.03%, 0, 1, 4, 2656.77
1461529010, 112, 2, 8, 0, 0, 0.03%, 0, 1, 4, 2648.58
1461529015, 112, 3, 8, 0, 0, 0.03%, 0, 1, 4, 2647.14
1461529020, 112, 4, 8, 0, 0, 0.03%, 0, 1, 4, 2644.66
1461529025, 112, 5, 8, 0, 0, 0.03%, 0, 1, 4, 2652.69
1461529030, 112, 6, 8, 0, 0, 0.03%, 0, 1, 4, 2654.34
1461529036, 112, 7, 8, 0, 0, 0.03%, 0, 1, 4, 2649.67
1461529041, 113, 1, 8, 0, 0, 0.03%, 0, 1, 4, 2647.90
1461529046, 113, 2, 8, 0, 0, 0.03%, 0, 1, 4, 2645.42
1461529051, 113, 3, 8, 0, 0, 0.03%, 0, 1, 4, 2646.05
1461529056, 113, 4, 8, 0, 0, 0.03%, 0, 1, 4, 2647.92
1461529061, 113, 5, 8, 0, 0, 0.03%, 0, 1, 4, 2654.51
1461529066, 113, 6, 8, 0, 0, 0.03%, 0, 1, 4, 2650.65
1461529071, 113, 7, 8, 0, 0, 0.03%, 0, 1, 4, 2657.16
1461529076, 114, 1, 8, 0, 0, 0.03%, 0, 1, 4, 2650.42
1461529081, 114, 2, 8, 0, 0, 0.03%, 0, 1, 4, 2647.20
1461529087, 114, 3, 8, 0, 0, 0.03%, 0, 1, 4, 2650.16
1461529092, 114, 4, 8, 0, 0, 0.03%, 0, 1, 4, 2649.96
1461529097, 114, 5, 8, 0, 0, 0.03%, 0, 1, 4, 2645.70
1461529102, 114, 6, 8, 0, 0, 0.03%, 0, 1, 4, 2650.56
1461529107, 114, 7, 8, 0, 0, 0.03%, 0, 1, 4, 2655.13
1461529112, 115, 1, 8, 0, 0, 0.03%, 0, 1, 4, 2654.62
1461529117, 115, 2, 8, 0, 0, 0.03%, 0, 1, 4, 2645.78
1461529122, 115, 3, 8, 0, 0, 0.03%, 0, 1, 4, 2650.64
1461529127, 115, 4, 8, 0, 0, 0.03%, 0, 1, 4, 2647.74
1461529132, 115, 5, 8, 0, 0, 0.03%, 0, 1, 4, 2649.65
1461529137, 115, 6, 8, 0, 0, 0.03%, 0, 1, 4, 2643.63
1461529142, 115, 7, 8, 0, 0, 0.03%, 0, 1, 4, 2659.24
1461529147, 116, 1, 8, 0, 0, 0.03%, 0, 1, 4, 2653.13
1461529152, 116, 2, 8, 0, 0, 0.03%, 0, 1, 4, 2655.02
1461529157, 116, 3, 8, 0, 0, 0.03%, 0, 1, 4, 2651.32
1461529163, 116, 4, 8, 0, 0, 0.03%, 0, 1, 4, 2654.24
1461529173, 116, 5, 8, 0, 0, 0.03%, 0, 1, 4, 2650.04
1461529178, 116, 6, 8, 0, 0, 0.03%, 0, 1, 4, 2650.59
1461529183, 117, 0, 8, 0, 0, 0.03%, 0, 1, 4, 2657.09
1461529188, 117, 1, 8, 0, 0, 0.03%, 0, 1, 4, 2654.27
1461529193, 117, 2, 8, 0, 0, 0.03%, 0, 1, 4, 2649.93
1461529198, 117, 3, 8, 0, 0, 0.03%, 0, 1, 4, 2645.69
1461529203, 117, 4, 8, 0, 0, 0.03%, 0, 1, 4, 2645.85
1461529208, 117, 5, 8, 0, 0, 0.03%, 0, 1, 4, 2646.43
1461529213, 117, 6, 8, 0, 0, 0.03%, 0, 1, 4, 2647.37
1461529218, 117, 7, 8, 0, 0, 0.03%, 0, 1, 4, 2652.08
1461529223, 118, 1, 8, 0, 0, 0.03%, 0, 1, 4, 2650.40
1461529228, 118, 2, 8, 0, 0, 0.03%, 0, 1, 4, 2648.47
1461529234, 118, 3, 8, 0, 0, 0.03%, 0, 1, 4, 2649.60
1461529239, 118, 4, 8, 0, 0, 0.03%, 0, 1, 4, 2647.78
1461529244, 118, 5, 8, 0, 0, 0.03%, 0, 1, 4, 2653.19
1461529249, 118, 6, 8, 0, 0, 0.03%, 0, 1, 4, 2655.29
1461529254, 118, 7, 8, 0, 0, 0.03%, 0, 1, 4, 2659.74
1461529259, 119, 1, 8, 0, 0, 0.03%, 0, 1, 4, 2648.59
1461529264, 119, 2, 8, 0, 0, 0.03%, 0, 1, 4, 2641.80
1461529269, 119, 3, 8, 0, 0, 0.03%, 0, 1, 4, 2645.43
1461529274, 119, 4, 8, 0, 0, 0.03%, 0, 1, 4, 2646.39
1461529279, 119, 5, 8, 0, 0, 0.03%, 0, 1, 4, 2646.97
1461529284, 119, 6, 8, 0, 0, 0.03%, 0, 1, 4, 2647.56
1461529289, 119, 7, 8, 0, 0, 0.03%, 0, 1, 4, 2654.90
1461529294, 120, 1, 8, 0, 0, 0.03%, 0, 1, 4, 2653.23
1461529299, 120, 2, 8, 0, 0, 0.03%, 0, 1, 4, 2650.37
1461529304, 120, 3, 8, 0, 0, 0.03%, 0, 1, 4, 2653.09
1461529309, 120, 4, 8, 0, 0, 0.03%, 0, 1, 4, 2658.79
1461529315, 120, 5, 8, 0, 0, 0.03%, 0, 1, 4, 2655.09
1461529320, 120, 6, 8, 0, 0, 0.03%, 0, 1, 4, 2643.14
1461529325, 120, 7, 8, 0, 0, 0.03%, 0, 1, 4, 2650.82
1461529330, 121, 0, 8, 0, 0, 0.03%, 0, 1, 4, 2644.61
1461529335, 121, 1, 8, 0, 0, 0.03%, 0, 1, 4, 2643.84
1461529340, 121, 2, 8, 0, 0, 0.03%, 0, 1, 4, 2650.66
1461529345, 121, 3, 8, 0, 0, 0.03%, 0, 1, 4, 2648.39
1461529350, 121, 4, 8, 0, 0, 0.03%, 0, 1, 4, 2651.08
1461529355, 121, 5, 8, 0, 0, 0.03%, 0, 1, 4, 2652.10
1461529360, 121, 6, 8, 0, 0, 0.03%, 0, 1, 4, 2655.98
1461529365, 122, 0, 8, 0, 0, 0.03%, 0, 1, 4, 2654.33
1461529370, 122, 1, 8, 0, 0, 0.03%, 0, 1, 4, 2649.58
1461529375, 122, 2, 8, 0, 0, 0.03%, 0, 1, 4, 2650.64
1461529380, 122, 4, 8, 0, 0, 0.03%, 0, 1, 4, 2651.42
1461529385, 122, 5, 8, 0, 0, 0.03%, 0, 1, 4, 2653.47
1461529391, 122, 6, 8, 0, 0, 0.03%, 0, 1, 4, 2651.46
1461529396, 122, 7, 8, 0, 0, 0.03%, 0, 1, 4, 2655.32
1461529401, 123, 0, 8, 0, 0, 0.03%, 0, 1, 4, 2651.41
1461529406, 123, 2, 8, 0, 0, 0.03%, 0, 1, 4, 2647.08
1461529411, 123, 3, 8, 0, 0, 0.03%, 0, 1, 4, 2644.73
1461529416, 123, 4, 8, 0, 0, 0.03%, 0, 1, 4, 2648.52
1461529421, 123, 5, 8, 0, 0, 0.03%, 0, 1, 4, 2645.76
1461529426, 123, 6, 8, 0, 0, 0.03%, 0, 1, 4, 2645.85
1461529431, 123, 7, 8, 0, 0, 0.03%, 0, 1, 4, 2653.35
1461529436, 124, 0, 8, 0, 0, 0.03%, 0, 1, 4, 2650.72
1461529441, 124, 2, 8, 0, 0, 0.03%, 0, 1, 4, 2647.25
1461529446, 124, 3, 8, 0, 0, 0.03%, 0, 1, 4, 2645.27
1461529451, 124, 4, 8, 0, 0, 0.03%, 0, 1, 4, 2649.84
1461529457, 124, 5, 8, 0, 0, 0.03%, 0, 1, 4, 2645.12
1461529462, 124, 6, 8, 0, 0, 0.03%, 0, 1, 4, 2648.66
1461529467, 124, 7, 8, 0, 0, 0.03%, 0, 1, 4, 2651.98
1461529472, 125, 1, 8, 0, 0, 0.03%, 0, 1, 4, 2646.26
1461529477, 125, 2, 8, 0, 0, 0.03%, 0, 1, 4, 2640.90
1461529482, 125, 3, 8, 0, 0, 0.03%, 0, 1, 4, 2647.90
1461529487, 125, 4, 8, 0, 0, 0.03%, 0, 1, 4, 2643.11
1461529492, 125, 5, 8, 0, 0, 0.03%, 0, 1, 4, 2649.97
1461529497, 125, 6, 8, 0, 0, 0.03%, 0, 1, 4, 2650.75
1461529502, 125, 7, 8, 0, 0, 0.03%, 0, 1, 4, 2653.45
1461529507, 126, 0, 8, 0, 0, 0.03%, 0, 1, 4, 2653.33
1461529512, 126, 2, 8, 0, 0, 0.03%, 0, 1, 4, 2654.34
1461529517, 126, 3, 8, 0, 0, 0.03%, 0, 1, 4, 2649.15
1461529523, 126, 4, 8, 0, 0, 0.03%, 0, 1, 4, 2647.71
1461529528, 126, 5, 8, 0, 0, 0.03%, 0, 1, 4, 2653.04
1461529533, 126, 6, 8, 0, 0, 0.03%, 0, 1, 4, 2644.34
1461529538, 126, 7, 8, 0, 0, 0.03%, 0, 1, 4, 2658.18
1461529543, 127, 0, 8, 0, 0, 0.03%, 0, 1, 4, 2654.00
1461529548, 127, 1, 8, 0, 0, 0.03%, 0, 1, 4, 2650.91
1461529553, 127, 3, 8, 0, 0, 0.03%, 0, 1, 4, 2645.64
1461529558, 127, 4, 8, 0, 0, 0.03%, 0, 1, 4, 2651.87
1461529563, 127, 5, 8, 0, 0, 0.03%, 0, 1, 4, 2651.32
1461529568, 127, 6, 8, 0, 0, 0.03%, 0, 1, 4, 2641.37
1461529573, 127, 7, 8, 0, 0, 0.03%, 0, 1, 4, 2657.31
1461529578, 128, 1, 8, 0, 0, 0.03%, 0, 1, 4, 2647.99
1461529583, 128, 2, 8, 0, 0, 0.03%, 0, 1, 4, 2650.91
1461529589, 128, 3, 8, 0, 0, 0.03%, 0, 1, 4, 2643.59
1461529594, 128, 4, 8, 0, 0, 0.03%, 0, 1, 4, 2648.15
1461529599, 128, 5, 8, 0, 0, 0.03%, 0, 1, 4, 2649.71
1461529604, 128, 6, 8, 0, 0, 0.03%, 0, 1, 4, 2646.64
1461529609, 128, 7, 8, 0, 0, 0.03%, 0, 1, 4, 2653.78
1461529614, 129, 1, 8, 0, 0, 0.03%, 0, 1, 4, 2653.65
1461529619, 129, 2, 8, 0, 0, 0.03%, 0, 1, 4, 2651.11
1461529624, 129, 3, 8, 0, 0, 0.03%, 0, 1, 4, 2644.40
1461529629, 129, 4, 8, 0, 0, 0.03%, 0, 1, 4, 2648.38
1461529634, 129, 5, 8, 0, 0, 0.03%, 0, 1, 4, 2650.10
1461529639, 129, 6, 8, 0, 0, 0.03%, 0, 1, 4, 2649.23
1461529645, 129, 7, 8, 0, 0, 0.03%, 0, 1, 4, 2642.82
1461529650, 130, 0, 8, 0, 0, 0.03%, 0, 1, 4, 2648.81
1461529655, 130, 1, 8, 0, 0, 0.03%, 0, 1, 4, 2651.52
1461529660, 130, 2, 8, 0, 0, 0.03%, 0, 1, 4, 2647.25
1461529665, 130, 3, 8, 0, 0, 0.03%, 0, 1, 4, 2645.25
1461529670, 130, 4, 8, 0, 0, 0.03%, 0, 1, 4, 2646.93
1461529675, 130, 5, 8, 0, 0, 0.03%, 0, 1, 4, 2650.39
1461529680, 130, 6, 8, 0, 0, 0.03%, 0, 1, 4, 2643.67
1461529685, 131, 0, 8, 0, 0, 0.03%, 0, 1, 4, 2651.60
1461529690, 131, 1, 8, 0, 0, 0.03%, 0, 1, 4, 2652.55
1461529696, 131, 2, 8, 0, 0, 0.03%, 0, 1, 4, 2647.88
1461529701, 131, 3, 8, 0, 0, 0.03%, 0, 1, 4, 2651.31
1461529706, 131, 4, 8, 0, 0, 0.03%, 0, 1, 4, 2650.98
1461529711, 131, 5, 8, 0, 0, 0.03%, 0, 1, 4, 2653.59
1461529716, 131, 6, 8, 0, 0, 0.03%, 0, 1, 4, 2648.03
1461529721, 131, 7, 8, 0, 0, 0.03%, 0, 1, 4, 2654.01
1461529726, 132, 1, 8, 0, 0, 0.03%, 0, 1, 4, 2652.13
1461529731, 132, 2, 8, 0, 0, 0.03%, 0, 1, 4, 2650.73
1461529736, 132, 3, 8, 0, 0, 0.03%, 0, 1, 4, 2645.24
1461529741, 132, 4, 8, 0, 0, 0.03%, 0, 1, 4, 2646.46
1461529746, 132, 5, 8, 0, 0, 0.03%, 0, 1, 4, 2649.17
1461529751, 132, 6, 8, 0, 0, 0.03%, 0, 1, 4, 2646.66
1461529756, 132, 7, 8, 0, 0, 0.03%, 0, 1, 4, 2656.05
1461529761, 133, 0, 8, 0, 0, 0.03%, 0, 1, 4, 2649.22
1461529766, 133, 1, 8, 0, 0, 0.03%, 0, 1, 4, 2646.64
1461529771, 133, 3, 8, 0, 0, 0.03%, 0, 1, 4, 2650.95
1461529777, 133, 4, 8, 0, 0, 0.03%, 0, 1, 4, 2655.97
1461529782, 133, 5, 8, 0, 0, 0.03%, 0, 1, 4, 2649.26
1461529787, 133, 6, 8, 0, 0, 0.03%, 0, 1, 4, 2650.20
1461529792, 133, 7, 8, 0, 0, 0.03%, 0, 1, 4, 2653.98
1461529797, 134, 0, 8, 0, 0, 0.03%, 0, 1, 4, 2645.56
1461529802, 134, 1, 8, 0, 0, 0.03%, 0, 1, 4, 2649.34
1461529807, 134, 3, 8, 0, 0, 0.03%, 0, 1, 4, 2648.50
1461529812, 134, 4, 8, 0, 0, 0.03%, 0, 1, 4, 2653.01
1461529817, 134, 5, 8, 0, 0, 0.03%, 0, 1, 4, 2645.69
1461529822, 134, 6, 8, 0, 0, 0.03%, 0, 1, 4, 2651.35
1461529827, 134, 7, 8, 0, 0, 0.03%, 0, 1, 4, 2659.02
1461529832, 135, 0, 8, 0, 0, 0.03%, 0, 1, 4, 2655.51
1461529837, 135, 2, 8, 0, 0, 0.03%, 0, 1, 4, 2656.37
1461529843, 135, 3, 8, 0, 0, 0.03%, 0, 1, 4, 2651.99
1461529848, 135, 4, 8, 0, 0, 0.03%, 0, 1, 4, 2648.22
1461529853, 135, 5, 8, 0, 0, 0.03%, 0, 1, 4, 2642.58
1461529858, 135, 6, 8, 0, 0, 0.03%, 0, 1, 4, 2644.73
1461529863, 135, 7, 8, 0, 0, 0.03%, 0, 1, 4, 2657.68
1461529868, 136, 0, 8, 0, 0, 0.03%, 0, 1, 4, 2647.90
1461529873, 136, 2, 8, 0, 0, 0.03%, 0, 1, 4, 2651.88
1461529878, 136, 3, 8, 0, 0, 0.03%, 0, 1, 4, 2655.12
1461529883, 136, 4, 8, 0, 0, 0.03%, 0, 1, 4, 2649.77
1461529888, 136, 5, 8, 0, 0, 0.03%, 0, 1, 4, 2645.13
1461529893, 136, 6, 8, 0, 0, 0.03%, 0, 1, 4, 2649.68
1461529898, 136, 7, 8, 0, 0, 0.03%, 0, 1, 4, 2649.15
1461529903, 137, 1, 8, 0, 0, 0.03%, 0, 1, 4, 2649.29
1461529909, 137, 2, 8, 0, 0, 0.03%, 0, 1, 4, 2642.47
1461529914, 137, 3, 8, 0, 0, 0.03%, 0, 1, 4, 2613.96
1461529919, 137, 4, 8, 0, 0, 0.03%, 0, 1, 4, 2643.29
1461529924, 137, 5, 8, 0, 0, 0.03%, 0, 1, 4, 2649.91
1461529929, 137, 6, 8, 0, 0, 0.03%, 0, 1, 4, 2644.03
1461529934, 137, 7, 8, 0, 0, 0.03%, 0, 1, 4, 2649.63
1461529939, 138, 0, 8, 0, 0, 0.03%, 0, 1, 4, 2650.20
1461529944, 138, 2, 8, 0, 0, 0.03%, 0, 1, 4, 2652.91
1461529949, 138, 3, 8, 0, 0, 0.03%, 0, 1, 4, 2648.71
1461529954, 138, 4, 8, 0, 0, 0.03%, 0, 1, 4, 2648.51
1461529959, 138, 5, 8, 0, 0, 0.03%, 0, 1, 4, 2650.05
1461529964, 138, 6, 8, 0, 0, 0.03%, 0, 1, 4, 2647.08
1461529974, 139, 0, 8, 0, 0, 0.03%, 0, 1, 4, 2648.78
1461529979, 139, 1, 8, 0, 0, 0.03%, 0, 1, 4, 2648.12
1461529984, 139, 2, 8, 0, 0, 0.03%, 0, 1, 4, 2645.14
1461529989, 139, 3, 8, 0, 0, 0.03%, 0, 1, 4, 2641.37
1461529994, 139, 4, 8, 0, 0, 0.03%, 0, 1, 4, 2649.27
1461529999, 139, 5, 8, 0, 0, 0.03%, 0, 1, 4, 2646.04
1461530004, 139, 6, 8, 0, 0, 0.03%, 0, 1, 4, 2645.84
1461530010, 139, 7, 8, 0, 0, 0.03%, 0, 1, 4, 2654.63
1461530015, 140, 1, 8, 0, 0, 0.03%, 0, 1, 4, 2656.87
1461530020, 140, 2, 8, 0, 0, 0.03%, 0, 1, 4, 2652.43
1461530025, 140, 3, 8, 0, 0, 0.03%, 0, 1, 4, 2625.09
1461530030, 140, 4, 8, 0, 0, 0.03%, 0, 1, 4, 2612.27
1461530035, 140, 5, 8, 0, 0, 0.03%, 0, 1, 4, 2587.56
1461530040, 140, 6, 8, 0, 0, 0.03%, 0, 1, 4, 2632.45
1461530045, 140, 7, 8, 0, 0, 0.03%, 0, 1, 4, 2648.04
1461530050, 141, 1, 8, 0, 0, 0.03%, 0, 1, 4, 2579.50
1461530055, 141, 2, 8, 0, 0, 0.03%, 0, 1, 4, 2250.69
1461530066, 141, 3, 8, 0, 0, 0.03%, 0, 1, 4, 2481.15
1461530071, 141, 4, 8, 0, 0, 0.03%, 0, 1, 4, 2502.01
1461530076, 141, 5, 8, 0, 0, 0.03%, 0, 1, 4, 2464.32
1461530081, 141, 6, 8, 0, 0, 0.03%, 0, 1, 4, 2604.33
1461530086, 141, 7, 8, 0, 0, 0.03%, 0, 1, 4, 2576.20
1461530091, 142, 1, 8, 0, 0, 0.03%, 0, 1, 4, 2603.06
1461530096, 142, 2, 8, 0, 0, 0.03%, 0, 1, 4, 2416.54
1461530101, 142, 3, 8, 0, 0, 0.03%, 0, 1, 4, 2334.18
1461530106, 142, 4, 8, 0, 0, 0.03%, 0, 1, 4, 2304.33
1461530116, 142, 5, 8, 0, 0, 0.03%, 0, 1, 4, 2356.02
1461530121, 142, 6, 8, 0, 0, 0.03%, 0, 1, 4, 2303.02
1461530126, 142, 7, 8, 0, 0, 0.03%, 0, 1, 4, 2301.67
1461530132, 143, 1, 8, 0, 0, 0.03%, 0, 2, 4, 1019.85
1461530137, 143, 1, 8, 0, 0, 0.03%, 0, 3, 4, 1968.99
1461530142, 143, 2, 8, 0, 0, 0.03%, 0, 3, 4, 2472.04
1461530147, 143, 3, 8, 0, 0, 0.03%, 0, 3, 4, 2546.90
1461530152, 143, 4, 8, 0, 0, 0.03%, 0, 3, 4, 2580.64
1461530157, 143, 5, 8, 0, 0, 0.03%, 0, 3, 4, 2528.15
1461530162, 143, 6, 8, 0, 0, 0.03%, 0, 3, 4, 2559.85
1461530167, 144, 0, 8, 0, 0, 0.03%, 0, 3, 4, 2577.57
1461530172, 144, 1, 8, 0, 0, 0.03%, 0, 3, 4, 2575.32
1461530178, 144, 2, 8, 0, 0, 0.03%, 0, 3, 4, 2553.92
1461530183, 144, 3, 8, 0, 0, 0.03%, 0, 3, 4, 2565.77
1461530188, 144, 4, 8, 0, 0, 0.03%, 0, 3, 4, 2425.33
1461530193, 144, 5, 8, 0, 0, 0.03%, 0, 3, 4, 2430.55
1461530198, 144, 6, 8, 0, 0, 0.03%, 0, 3, 4, 2445.03
1461530203, 144, 7, 8, 0, 0, 0.03%, 0, 3, 4, 2450.70
1461530208, 145, 0, 8, 0, 0, 0.03%, 0, 3, 4, 2426.22
1461530213, 145, 2, 8, 0, 0, 0.03%, 0, 3, 4, 2417.43
1461530223, 145, 3, 8, 0, 0, 0.03%, 0, 3, 4, 2341.07
1461530228, 145, 4, 8, 0, 0, 0.03%, 0, 3, 4, 2341.87
1461530234, 145, 5, 8, 0, 0, 0.03%, 0, 3, 4, 2330.53
1461530239, 145, 6, 8, 0, 0, 0.03%, 0, 3, 4, 2553.98
1461530244, 145, 7, 8, 0, 0, 0.03%, 0, 3, 4, 2593.95
1461530249, 146, 1, 8, 0, 0, 0.03%, 0, 3, 4, 2560.04
1461530254, 146, 2, 8, 0, 0, 0.03%, 0, 3, 4, 2526.10
1461530259, 146, 3, 8, 0, 0, 0.03%, 0, 3, 4, 2510.70
1461530264, 146, 4, 8, 0, 0, 0.03%, 0, 3, 4, 2564.07
1461530269, 146, 5, 8, 0, 0, 0.03%, 0, 3, 4, 2562.29
1461530279, 146, 6, 8, 0, 0, 0.03%, 0, 3, 4, 2543.26
1461530284, 147, 0, 8, 0, 0, 0.03%, 0, 3, 4, 2535.62
1461530289, 147, 1, 8, 0, 0, 0.03%, 0, 3, 4, 2469.38
1461530294, 147, 2, 8, 0, 0, 0.03%, 0, 3, 4, 2561.08
1461530299, 147, 3, 8, 0, 0, 0.03%, 0, 3, 4, 2456.75
1461530304, 147, 4, 8, 0, 0, 0.03%, 0, 3, 4, 2225.26
1461530314, 147, 5, 8, 0, 0, 0.03%, 0, 3, 4, 2213.44
1461530319, 147, 6, 8, 0, 0, 0.03%, 0, 3, 4, 613.84
1461530325, 147, 7, 8, 0, 0, 0.03%, 0, 3, 4, 1643.43
1461530330, 148, 0, 8, 0, 0, 0.03%, 0, 3, 4, 2260.62
1461530335, 148, 1, 8, 0, 0, 0.03%, 0, 3, 4, 2121.00
1461530340, 148, 2, 8, 0, 0, 0.03%, 0, 3, 4, 2122.97
1461530345, 148, 3, 8, 0, 0, 0.03%, 0, 3, 4, 2225.01
1461530350, 148, 4, 8, 0, 0, 0.03%, 0, 3, 4, 2476.42
1461530355, 148, 5, 8, 0, 0, 0.03%, 0, 3, 4, 2444.51
1461530365, 148, 6, 8, 0, 0, 0.03%, 0, 3, 4, 2576.05
1461530370, 149, 0, 8, 0, 0, 0.03%, 0, 3, 4, 2492.46
1461530375, 149, 1, 8, 0, 0, 0.03%, 0, 3, 4, 2519.26
1461530381, 149, 2, 8, 0, 0, 0.03%, 0, 3, 4, 2445.48
1461530386, 149, 3, 8, 0, 0, 0.03%, 0, 3, 4, 2539.81
1461530391, 149, 4, 8, 0, 0, 0.03%, 0, 3, 4, 2572.43
1461530396, 149, 5, 8, 0, 0, 0.03%, 0, 3, 4, 2493.65
1461530401, 149, 6, 8, 0, 0, 0.03%, 0, 3, 4, 2543.53
1461530406, 150, 0, 8, 0, 0, 0.03%, 0, 3, 4, 2599.17
1461530411, 150, 1, 8, 0, 0, 0.03%, 0, 3, 4, 2618.76
1461530416, 150, 2, 8, 0, 0, 0.03%, 0, 3, 4, 2596.45
1461530421, 150, 3, 8, 0, 0, 0.03%, 0, 3, 4, 2576.49
1461530426, 150, 4, 8, 0, 0, 0.03%, 0, 3, 4, 2625.02
1461530431, 150, 5, 8, 0, 0, 0.03%, 0, 3, 4, 2616.51
1461530436, 150, 6, 8, 0, 0, 0.03%, 0, 3, 4, 2376.70
1461530441, 150, 7, 8, 0, 0, 0.03%, 0, 3, 4, 2565.38
1461530446, 151, 1, 8, 0, 0, 0.03%, 0, 3, 4, 2611.14
1461530451, 151, 2, 8, 0, 0, 0.03%, 0, 3, 4, 2618.32
1461530457, 151, 3, 8, 0, 0, 0.03%, 0, 3, 4, 2619.57
1461530462, 151, 4, 8, 0, 0, 0.03%, 0, 3, 4, 2579.23
1461530467, 151, 5, 8, 0, 0, 0.03%, 0, 3, 4, 2625.03
1461530472, 151, 6, 8, 0, 0, 0.03%, 0, 3, 4, 2438.70
1461530477, 151, 7, 8, 0, 0, 0.03%, 0, 3, 4, 2459.71
1461530482, 152, 0, 8, 0, 0, 0.03%, 0, 3, 4, 2562.20
1461530487, 152, 2, 8, 0, 0, 0.03%, 0, 3, 4, 2560.56
1461530492, 152, 3, 8, 0, 0, 0.03%, 0, 3, 4, 2443.91
1461530502, 152, 4, 8, 0, 0, 0.03%, 0, 3, 4, 2500.86
1461530507, 152, 5, 8, 0, 0, 0.03%, 0, 3, 4, 2086.15
1461530512, 152, 6, 8, 0, 0, 0.03%, 0, 3, 4, 2213.56
1461530517, 152, 7, 8, 0, 0, 0.03%, 0, 3, 4, 2213.84
1461530523, 153, 0, 8, 0, 0, 0.03%, 0, 3, 4, 2231.77
1461530528, 153, 2, 8, 0, 0, 0.03%, 0, 3, 4, 2253.68
1461530538, 153, 3, 8, 0, 0, 0.03%, 0, 3, 4, 2304.30
1461530543, 153, 4, 8, 0, 0, 0.03%, 0, 3, 4, 2320.01
1461530548, 153, 5, 8, 0, 0, 0.03%, 0, 3, 4, 2326.55
1461530553, 153, 6, 8, 0, 0, 0.03%, 0, 3, 4, 2346.71
1461530558, 153, 7, 8, 0, 0, 0.03%, 0, 3, 4, 2335.06
1461530563, 154, 0, 8, 0, 0, 0.03%, 0, 3, 4, 2331.16
1461530568, 154, 1, 8, 0, 0, 0.03%, 0, 3, 4, 2316.46
1461530574, 154, 2, 8, 0, 0, 0.03%, 0, 3, 4, 2151.85
1461530579, 154, 3, 8, 0, 0, 0.03%, 0, 3, 4, 2053.25
1461530584, 154, 4, 8, 0, 0, 0.03%, 0, 3, 4, 2135.41
1461530589, 154, 5, 8, 0, 0, 0.03%, 0, 3, 4, 2510.83
1461530594, 154, 6, 8, 0, 0, 0.03%, 0, 3, 4, 2538.57
1461530599, 154, 7, 8, 0, 0, 0.03%, 0, 3, 4, 2202.82
1461530604, 155, 1, 8, 0, 0, 0.03%, 0, 3, 4, 2276.44
1461530609, 155, 2, 8, 0, 0, 0.03%, 0, 3, 4, 2364.63
1461530619, 155, 3, 8, 0, 0, 0.03%, 0, 3, 4, 2293.71
1461530624, 155, 4, 8, 0, 0, 0.03%, 0, 3, 4, 2146.58
1461530629, 155, 5, 8, 0, 0, 0.03%, 0, 3, 4, 2219.69
1461530634, 155, 6, 8, 0, 0, 0.03%, 0, 3, 4, 2233.01
1461530640, 155, 7, 8, 0, 0, 0.03%, 0, 3, 4, 2219.77
1461530645, 156, 0, 8, 0, 0, 0.03%, 0, 3, 4, 2214.11
1461530650, 156, 1, 8, 0, 0, 0.03%, 0, 3, 4, 2235.25
1461530655, 156, 2, 8, 0, 0, 0.03%, 0, 3, 4, 2237.10
1461530660, 156, 3, 8, 0, 0, 0.03%, 0, 3, 4, 2263.94
1461530665, 156, 4, 8, 0, 0, 0.03%, 0, 3, 4, 2267.00
1461530670, 156, 5, 8, 0, 0, 0.03%, 0, 3, 4, 2271.00
1461530675, 156, 6, 8, 0, 0, 0.03%, 0, 3, 4, 2195.51
1461530685, 156, 7, 8, 0, 0, 0.03%, 0, 3, 4, 1959.77
1461530690, 157, 1, 8, 0, 0, 0.03%, 0, 3, 4, 2347.54
1461530695, 157, 2, 8, 0, 0, 0.03%, 0, 3, 4, 2388.38
1461530700, 157, 3, 8, 0, 0, 0.03%, 0, 3, 4, 2466.37
1461530705, 157, 4, 8, 0, 0, 0.03%, 0, 3, 4, 2045.57
1461530711, 157, 5, 8, 0, 0, 0.03%, 0, 3, 4, 2154.63
1461530721, 157, 6, 8, 0, 0, 0.03%, 0, 3, 4, 2025.80
1461530726, 157, 7, 8, 0, 0, 0.03%, 0, 3, 4, 2108.86
1461530731, 158, 1, 8, 0, 0, 0.03%, 0, 3, 4, 2308.94
1461530736, 158, 2, 8, 0, 0, 0.03%, 0, 3, 4, 2375.75
1461530741, 158, 3, 8, 0, 0, 0.03%, 0, 3, 4, 2406.82
1461530751, 158, 4, 8, 0, 0, 0.03%, 0, 3, 4, 2430.76
1461530757, 158, 5, 8, 0, 0, 0.03%, 0, 3, 4, 2400.98
1461530762, 158, 6, 8, 0, 0, 0.03%, 0, 3, 4, 2372.60
1461530767, 158, 7, 8, 0, 0, 0.03%, 0, 3, 4, 2316.72
1461530772, 159, 1, 8, 0, 0, 0.03%, 0, 3, 4, 2443.36
1461530777, 159, 2, 8, 0, 0, 0.03%, 0, 3, 4, 2510.75
1461530782, 159, 3, 8, 0, 0, 0.03%, 0, 3, 4, 2461.60
1461530792, 159, 4, 8, 0, 0, 0.03%, 0, 3, 4, 2284.89
1461530797, 159, 5, 8, 0, 0, 0.03%, 0, 3, 4, 2513.69
1461530802, 159, 6, 8, 0, 0, 0.03%, 0, 3, 4, 2548.81
1461530807, 159, 7, 8, 0, 0, 0.03%, 0, 3, 4, 2510.75
1461530813, 160, 1, 8, 0, 0, 0.03%, 0, 3, 4, 2423.30
1461530818, 160, 2, 8, 0, 0, 0.03%, 0, 3, 4, 2366.46
1461530823, 160, 3, 8, 0, 0, 0.03%, 0, 3, 4, 2524.42
1461530828, 160, 4, 8, 0, 0, 0.03%, 0, 3, 4, 2540.30
1461530833, 160, 5, 8, 0, 0, 0.03%, 0, 3, 4, 2387.90
1461530838, 160, 6, 8, 0, 0, 0.03%, 0, 3, 4, 2386.94
1461530848, 161, 0, 8, 0, 0, 0.03%, 0, 3, 4, 2456.28
1461530853, 161, 1, 8, 0, 0, 0.03%, 0, 3, 4, 2482.32
1461530858, 161, 2, 8, 0, 0, 0.03%, 0, 3, 4, 2385.17
1461530863, 161, 3, 8, 0, 0, 0.03%, 0, 3, 4, 2306.85
1461530868, 161, 4, 8, 0, 0, 0.03%, 0, 3, 4, 2255.35
1461530873, 161, 5, 8, 0, 0, 0.03%, 0, 3, 4, 2265.28
1461530878, 161, 6, 8, 0, 0, 0.03%, 0, 3, 4, 2330.41
1461530888, 162, 0, 8, 0, 0, 0.03%, 0, 3, 4, 2359.23
1461530893, 162, 1, 8, 0, 0, 0.03%, 0, 3, 4, 2364.06
1461530899, 162, 2, 8, 0, 0, 0.03%, 0, 3, 4, 2355.04
1461530904, 162, 3, 8, 0, 0, 0.03%, 0, 3, 4, 2364.79
1461530909, 162, 4, 8, 0, 0, 0.03%, 0, 3, 4, 2511.14
1461530914, 162, 5, 8, 0, 0, 0.03%, 0, 3, 4, 2551.13
1461530919, 162, 6, 8, 0, 0, 0.03%, 0, 3, 4, 2577.05
1461530924, 162, 7, 8, 0, 0, 0.03%, 0, 3, 4, 2581.19
1461530929, 163, 0, 8, 0, 0, 0.03%, 0, 3, 4, 2580.10
1461530934, 163, 1, 8, 0, 0, 0.03%, 0, 3, 4, 2445.93
1461530939, 163, 2, 8, 0, 0, 0.03%, 0, 3, 4, 2349.99
1461530945, 163, 3, 8, 0, 0, 0.03%, 0, 3, 4, 2422.95
1461530950, 163, 4, 8, 0, 0, 0.03%, 0, 3, 4, 2304.27
1461530955, 163, 5, 8, 0, 0, 0.03%, 0, 3, 4, 2381.86
1461530960, 163, 6, 8, 0, 0, 0.03%, 0, 3, 4, 2533.05
1461530965, 163, 7, 8, 0, 0, 0.03%, 0, 3, 4, 2597.13
1461530970, 164, 1, 8, 0, 0, 0.03%, 0, 3, 4, 2468.14
1461530980, 164, 2, 8, 0, 0, 0.03%, 0, 3, 4, 2479.06
1461530985, 164, 3, 8, 0, 0, 0.03%, 0, 3, 4, 2409.62
1461530990, 164, 4, 8, 0, 0, 0.03%, 0, 3, 4, 2355.79
1461530995, 164, 5, 8, 0, 0, 0.03%, 0, 3, 4, 2488.73
1461531000, 164, 6, 8, 0, 0, 0.03%, 0, 3, 4, 2403.83
1461531005, 164, 7, 8, 0, 0, 0.03%, 0, 3, 4, 2455.60
1461531011, 165, 1, 8, 0, 0, 0.03%, 0, 3, 4, 2421.56
1461531016, 165, 2, 8, 0, 0, 0.03%, 0, 3, 4, 2479.17
1461531021, 165, 3, 8, 0, 0, 0.03%, 0, 3, 4, 2439.73
1461531026, 165, 4, 8, 0, 0, 0.03%, 0, 3, 4, 2539.48
1461531031, 165, 5, 8, 0, 0, 0.03%, 0, 3, 4, 2479.29
1461531036, 165, 6, 8, 0, 0, 0.03%, 0, 3, 4, 2371.62
1461531041, 165, 7, 8, 0, 0, 0.03%, 0, 3, 4, 2387.44
1461531046, 166, 0, 8, 0, 0, 0.03%, 0, 3, 4, 2287.31
1461531051, 166, 1, 8, 0, 0, 0.03%, 0, 3, 4, 439.09
1461531056, 166, 2, 8, 0, 0, 0.03%, 0, 3, 4, 1387.18
1461531066, 166, 3, 8, 0, 0, 0.03%, 0, 3, 4, 2291.03
1461531072, 166, 4, 8, 0, 0, 0.03%, 0, 3, 4, 2435.12
1461531077, 166, 5, 8, 0, 0, 0.03%, 0, 3, 4, 2476.47
1461531082, 166, 6, 8, 0, 0, 0.03%, 0, 3, 4, 2378.50
1461531087, 166, 7, 8, 0, 0, 0.03%, 0, 3, 4, 2427.85
1461531092, 167, 1, 8, 0, 0, 0.03%, 0, 3, 4, 2416.85
1461531097, 167, 2, 8, 0, 0, 0.03%, 0, 3, 4, 2432.80
1461531102, 167, 3, 8, 0, 0, 0.03%, 0, 3, 4, 2438.24
1461531107, 167, 4, 8, 0, 0, 0.03%, 0, 3, 4, 2385.68
1461531112, 167, 5, 8, 0, 0, 0.03%, 0, 3, 4, 2567.28
1461531117, 167, 6, 8, 0, 0, 0.03%, 0, 3, 4, 2553.70
1461531127, 168, 0, 8, 0, 0, 0.03%, 0, 3, 4, 2556.36
1461531132, 168, 1, 8, 0, 0, 0.03%, 0, 3, 4, 2523.06
1461531137, 168, 2, 8, 0, 0, 0.03%, 0, 3, 4, 2338.62
1461531142, 168, 3, 8, 0, 0, 0.03%, 0, 3, 4, 2488.45
1461531147, 168, 4, 8, 0, 0, 0.03%, 0, 3, 4, 2463.22
1461531152, 168, 5, 8, 0, 0, 0.03%, 0, 3, 4, 2463.11
1461531158, 168, 6, 8, 0, 0, 0.03%, 0, 3, 4, 2452.94
1461531163, 168, 7, 8, 0, 0, 0.03%, 0, 3, 4, 2587.53
1461531168, 169, 1, 8, 0, 0, 0.03%, 0, 3, 4, 2613.11
1461531173, 169, 2, 8, 0, 0, 0.03%, 0, 3, 4, 2489.23
1461531178, 169, 3, 8, 0, 0, 0.03%, 0, 3, 4, 2592.13
1461531183, 169, 4, 8, 0, 0, 0.03%, 0, 3, 4, 2474.08
1461531193, 169, 5, 8, 0, 0, 0.03%, 0, 3, 4, 2617.64
1461531198, 169, 6, 8, 0, 0, 0.03%, 0, 3, 4, 2480.44
1461531203, 170, 0, 8, 0, 0, 0.03%, 0, 3, 4, 2597.57
1461531208, 170, 1, 8, 0, 0, 0.03%, 0, 3, 4, 2623.89
1461531213, 170, 2, 8, 0, 0, 0.03%, 0, 3, 4, 2490.39
1461531218, 170, 3, 8, 0, 0, 0.03%, 0, 3, 4, 2596.54
1461531223, 170, 4, 8, 0, 0, 0.03%, 0, 3, 4, 2616.71
1461531228, 170, 5, 8, 0, 0, 0.03%, 0, 3, 4, 2575.57
1461531233, 170, 6, 8, 0, 0, 0.03%, 0, 3, 4, 2427.27
1461531238, 170, 7, 8, 0, 0, 0.03%, 0, 3, 4, 2338.21
1461531243, 171, 0, 8, 0, 0, 0.03%, 0, 3, 4, 2531.24
1461531248, 171, 2, 8, 0, 0, 0.03%, 0, 3, 4, 2485.51
1461531259, 171, 3, 8, 0, 0, 0.03%, 0, 3, 4, 2596.28
1461531264, 171, 4, 8, 0, 0, 0.03%, 0, 3, 4, 2618.97
1461531269, 171, 5, 8, 0, 0, 0.03%, 0, 3, 4, 2635.88
1461531274, 171, 6, 8, 0, 0, 0.03%, 0, 3, 4, 2644.03
1461531279, 171, 7, 8, 0, 0, 0.03%, 0, 3, 4, 2593.11
1461531284, 172, 1, 8, 0, 0, 0.03%, 0, 3, 4, 2514.45
1461531289, 172, 2, 8, 0, 0, 0.03%, 0, 3, 4, 2613.70
1461531294, 172, 3, 8, 0, 0, 0.03%, 0, 3, 4, 2597.26
1461531299, 172, 4, 8, 0, 0, 0.03%, 0, 3, 4, 2622.36
1461531304, 172, 5, 8, 0, 0, 0.03%, 0, 3, 4, 2631.20
1461531309, 172, 6, 8, 0, 0, 0.03%, 0, 3, 4, 2640.21
1461531314, 172, 7, 8, 0, 0, 0.03%, 0, 3, 4, 2641.62
1461531319, 173, 1, 8, 0, 0, 0.03%, 0, 3, 4, 2621.67
1461531324, 173, 2, 8, 0, 0, 0.03%, 0, 3, 4, 2628.46
1461531329, 173, 3, 8, 0, 0, 0.03%, 0, 3, 4, 2636.98
1461531335, 173, 4, 8, 0, 0, 0.03%, 0, 3, 4, 2420.55
1461531340, 173, 5, 8, 0, 0, 0.03%, 0, 3, 4, 2545.35
1461531345, 173, 6, 8, 0, 0, 0.03%, 0, 3, 4, 2616.34
1461531350, 173, 7, 8, 0, 0, 0.03%, 0, 3, 4, 2633.05
1461531355, 174, 1, 8, 0, 0, 0.03%, 0, 3, 4, 2635.70
1461531360, 174, 2, 8, 0, 0, 0.03%, 0, 3, 4, 2628.72
1461531365, 174, 3, 8, 0, 0, 0.03%, 0, 3, 4, 2598.25
1461531370, 174, 4, 8, 0, 0, 0.03%, 0, 3, 4, 2631.53
1461531375, 174, 5, 8, 0, 0, 0.03%, 0, 3, 4, 2635.43
1461531380, 174, 6, 8, 0, 0, 0.03%, 0, 3, 4, 2634.56
1461531385, 174, 7, 8, 0, 0, 0.03%, 0, 3, 4, 2645.46
1461531390, 175, 1, 8, 0, 0, 0.03%, 0, 3, 4, 2635.69
1461531395, 175, 2, 8, 0, 0, 0.03%, 0, 3, 4, 2630.05
1461531400, 175, 3, 8, 0, 0, 0.03%, 0, 3, 4, 2611.54
1461531405, 175, 4, 8, 0, 0, 0.03%, 0, 3, 4, 2598.47
1461531416, 175, 5, 8, 0, 0, 0.03%, 0, 3, 4, 2622.21
1461531421, 175, 6, 8, 0, 0, 0.03%, 0, 3, 4, 2616.54
1461531426, 176, 0, 8, 0, 0, 0.03%, 0, 3, 4, 2615.21
1461531431, 176, 1, 8, 0, 0, 0.03%, 0, 3, 4, 2610.60
1461531436, 176, 2, 8, 0, 0, 0.03%, 0, 3, 4, 2628.57
1461531441, 176, 3, 8, 0, 0, 0.03%, 0, 3, 4, 2565.99
1461531446, 176, 4, 8, 0, 0, 0.03%, 0, 3, 4, 2559.02
1461531451, 176, 5, 8, 0, 0, 0.03%, 0, 3, 4, 2431.88
1461531456, 176, 6, 8, 0, 0, 0.03%, 0, 3, 4, 2435.83
1461531461, 176, 7, 8, 0, 0, 0.03%, 0, 3, 4, 2515.04
1461531466, 177, 1, 8, 0, 0, 0.03%, 0, 3, 4, 2558.98
1461531471, 177, 2, 8, 0, 0, 0.03%, 0, 3, 4, 2620.19
1461531476, 177, 3, 8, 0, 0, 0.03%, 0, 3, 4, 2622.88
1461531481, 177, 4, 8, 0, 0, 0.03%, 0, 3, 4, 2624.60
1461531486, 177, 5, 8, 0, 0, 0.03%, 0, 3, 4, 2625.55
1461531491, 177, 6, 8, 0, 0, 0.03%, 0, 3, 4, 2636.53
1461531496, 177, 7, 8, 0, 0, 0.03%, 0, 3, 4, 2633.23
1461531502, 178, 0, 8, 0, 0, 0.03%, 0, 3, 4, 2636.62
1461531507, 178, 2, 8, 0, 0, 0.03%, 0, 3, 4, 2621.30
1461531517, 178, 3, 8, 0, 0, 0.03%, 0, 3, 4, 2455.54
1461531522, 178, 4, 8, 0, 0, 0.03%, 0, 3, 4, 2477.75
1461531527, 178, 5, 8, 0, 0, 0.03%, 0, 3, 4, 2523.01
1461531532, 178, 6, 8, 0, 0, 0.03%, 0, 3, 4, 2606.55
1461531537, 178, 7, 8, 0, 0, 0.03%, 0, 3, 4, 2594.35
1461531542, 179, 1, 8, 0, 0, 0.03%, 0, 3, 4, 2593.62
1461531547, 179, 2, 8, 0, 0, 0.03%, 0, 3, 4, 2443.14
1461531552, 179, 3, 8, 0, 0, 0.03%, 0, 3, 4, 2383.66
1461531557, 179, 4, 8, 0, 0, 0.03%, 0, 3, 4, 2516.47
1461531562, 179, 5, 8, 0, 0, 0.03%, 0, 3, 4, 2484.87
1461531568, 179, 6, 8, 0, 0, 0.03%, 0, 3, 4, 2589.78
1461531573, 179, 7, 8, 0, 0, 0.03%, 0, 3, 4, 2614.73
1461531578, 180, 0, 8, 0, 0, 0.03%, 0, 3, 4, 2588.02
1461531583, 180, 1, 8, 0, 0, 0.03%, 0, 3, 4, 2570.10
1461531588, 180, 3, 8, 0, 0, 0.03%, 0, 3, 4, 2617.32
1461531593, 180, 4, 8, 0, 0, 0.03%, 0, 3, 4, 2622.35
1461531598, 180, 5, 8, 0, 0, 0.03%, 0, 3, 4, 2625.62
1461531603, 180, 6, 8, 0, 0, 0.03%, 0, 3, 4, 2623.21
1461531613, 181, 0, 8, 0, 0, 0.03%, 0, 3, 4, 2618.71
1461531618, 181, 1, 8, 0, 0, 0.03%, 0, 3, 4, 2585.52
1461531623, 181, 2, 8, 0, 0, 0.03%, 0, 3, 4, 2612.74
1461531629, 181, 3, 8, 0, 0, 0.03%, 0, 3, 4, 2614.84
1461531634, 181, 4, 8, 0, 0, 0.03%, 0, 3, 4, 2618.29
1461531639, 181, 5, 8, 0, 0, 0.03%, 0, 3, 4, 2611.49
1461531644, 181, 6, 8, 0, 0, 0.03%, 0, 3, 4, 2611.58
1461531649, 181, 7, 8, 0, 0, 0.03%, 0, 3, 4, 2588.35
1461531654, 182, 1, 8, 0, 0, 0.03%, 0, 3, 4, 2599.21
1461531659, 182, 2, 8, 0, 0, 0.03%, 0, 3, 4, 2601.25
1461531664, 182, 3, 8, 0, 0, 0.03%, 0, 3, 4, 2611.53
1461531669, 182, 4, 8, 0, 0, 0.03%, 0, 3, 4, 2578.71
1461531674, 182, 5, 8, 0, 0, 0.03%, 0, 3, 4, 2592.74
1461531679, 182, 6, 8, 0, 0, 0.03%, 0, 3, 4, 2609.61
1461531684, 182, 7, 8, 0, 0, 0.03%, 0, 3, 4, 2601.80
1461531689, 183, 1, 8, 0, 0, 0.03%, 0, 3, 4, 2609.47
1461531694, 183, 2, 8, 0, 0, 0.03%, 0, 3, 4, 2604.20
1461531700, 183, 3, 8, 0, 0, 0.03%, 0, 3, 4, 2616.78
1461531705, 183, 4, 8, 0, 0, 0.03%, 0, 3, 4, 2611.55
1461531710, 183, 5, 8, 0, 0, 0.03%, 0, 3, 4, 2615.16
1461531715, 183, 6, 8, 0, 0, 0.03%, 0, 3, 4, 2620.01
1461531720, 183, 7, 8, 0, 0, 0.03%, 0, 3, 4, 2609.85
1461531725, 184, 1, 8, 0, 0, 0.03%, 0, 3, 4, 2614.35
1461531730, 184, 2, 8, 0, 0, 0.03%, 0, 3, 4, 2624.86
1461531735, 184, 3, 8, 0, 0, 0.03%, 0, 3, 4, 2624.95
1461531740, 184, 4, 8, 0, 0, 0.03%, 0, 3, 4, 2617.61
1461531745, 184, 5, 8, 0, 0, 0.03%, 0, 3, 4, 2633.26
1461531755, 184, 6, 8, 0, 0, 0.03%, 0, 3, 4, 2613.72
1461531760, 185, 0, 8, 0, 0, 0.03%, 0, 3, 4, 2618.12
1461531765, 185, 1, 8, 0, 0, 0.03%, 0, 3, 4, 2606.82
1461531770, 185, 2, 8, 0, 0, 0.03%, 0, 3, 4, 2547.31
1461531775, 185, 3, 8, 0, 0, 0.03%, 0, 3, 4, 2571.32
1461531781, 185, 4, 8, 0, 0, 0.03%, 0, 3, 4, 2590.57
1461531786, 185, 5, 8, 0, 0, 0.03%, 0, 3, 4, 2550.28
1461531791, 185, 6, 8, 0, 0, 0.03%, 0, 3, 4, 2616.49
1461531796, 185, 7, 8, 0, 0, 0.03%, 0, 3, 4, 2598.79
1461531801, 186, 1, 8, 0, 0, 0.03%, 0, 3, 4, 2612.43
1461531806, 186, 2, 8, 0, 0, 0.03%, 0, 3, 4, 2612.54
1461531811, 186, 3, 8, 0, 0, 0.03%, 0, 3, 4, 2615.94
1461531816, 186, 4, 8, 0, 0, 0.03%, 0, 3, 4, 2455.41
1461531821, 186, 5, 8, 0, 0, 0.03%, 0, 3, 4, 2498.54
1461531826, 186, 6, 8, 0, 0, 0.03%, 0, 3, 4, 2551.52
1461531831, 186, 7, 8, 0, 0, 0.03%, 0, 3, 4, 2580.75
1461531836, 187, 1, 8, 0, 0, 0.03%, 0, 3, 4, 2571.09
1461531841, 187, 2, 8, 0, 0, 0.03%, 0, 3, 4, 2598.15
1461531852, 187, 3, 8, 0, 0, 0.03%, 0, 3, 4, 2605.24
1461531857, 187, 4, 8, 0, 0, 0.03%, 0, 3, 4, 2604.55
1461531862, 187, 5, 8, 0, 0, 0.03%, 0, 3, 4, 2602.18
1461531867, 187, 6, 8, 0, 0, 0.03%, 0, 3, 4, 2536.17
1461531872, 187, 7, 8, 0, 0, 0.03%, 0, 3, 4, 2607.67
1461531877, 188, 1, 8, 0, 0, 0.03%, 0, 3, 4, 2613.91
1461531882, 188, 2, 8, 0, 0, 0.03%, 0, 3, 4, 2614.52
1461531887, 188, 3, 8, 0, 0, 0.03%, 0, 3, 4, 2588.00
1461531892, 188, 4, 8, 0, 0, 0.03%, 0, 3, 4, 2586.86
1461531897, 188, 5, 8, 0, 0, 0.03%, 0, 3, 4, 2588.44
1461531902, 188, 6, 8, 0, 0, 0.03%, 0, 3, 4, 2593.84
1461531907, 188, 7, 8, 0, 0, 0.03%, 0, 3, 4, 2528.66
1461531913, 189, 0, 8, 0, 0, 0.03%, 0, 3, 4, 2463.42
1461531918, 189, 1, 8, 0, 0, 0.03%, 0, 3, 4, 2568.53
1461531923, 189, 2, 8, 0, 0, 0.03%, 0, 3, 4, 2495.11
1461531928, 189, 3, 8, 0, 0, 0.03%, 0, 3, 4, 2538.06
1461531933, 189, 4, 8, 0, 0, 0.03%, 0, 3, 4, 2614.02
1461531938, 189, 5, 8, 0, 0, 0.03%, 0, 3, 4, 2570.20
1461531943, 189, 6, 8, 0, 0, 0.03%, 0, 3, 4, 2534.36
1461531948, 189, 7, 8, 0, 0, 0.03%, 0, 3, 4, 2512.33
1461531953, 190, 1, 8, 0, 0, 0.03%, 0, 3, 4, 2562.45
1461531958, 190, 2, 8, 0, 0, 0.03%, 0, 3, 4, 2583.24
1461531963, 190, 3, 8, 0, 0, 0.03%, 0, 3, 4, 2486.02
1461531973, 190, 4, 8, 0, 0, 0.03%, 0, 3, 4, 2525.69
1461531978, 190, 5, 8, 0, 0, 0.03%, 0, 3, 4, 2563.98
1461531983, 190, 6, 8, 0, 0, 0.03%, 0, 3, 4, 2503.90
1461531988, 191, 0, 8, 0, 0, 0.03%, 0, 3, 4, 2531.00
1461531993, 191, 1, 8, 0, 0, 0.03%, 0, 3, 4, 2475.85
1461531998, 191, 2, 8, 0, 0, 0.03%, 0, 3, 4, 2525.10
1461532003, 191, 3, 8, 0, 0, 0.03%, 0, 3, 4, 2468.50
1461532008, 191, 4, 8, 0, 0, 0.03%, 0, 3, 4, 2538.56
1461532013, 191, 5, 8, 0, 0, 0.03%, 0, 3, 4, 2520.05
1461532018, 191, 6, 8, 0, 0, 0.03%, 0, 3, 4, 2542.00
1461532023, 191, 7, 8, 0, 0, 0.03%, 0, 3, 4, 2591.28
1461532028, 192, 0, 8, 0, 0, 0.03%, 0, 3, 4, 2538.23
1461532034, 192, 1, 8, 0, 0, 0.03%, 0, 3, 4, 2602.24
1461532039, 192, 2, 8, 0, 0, 0.03%, 0, 3, 4, 2585.44
1461532044, 192, 3, 8, 0, 0, 0.03%, 0, 3, 4, 2620.94
1461532049, 192, 4, 8, 0, 0, 0.03%, 0, 3, 4, 2612.99
1461532054, 192, 5, 8, 0, 0, 0.03%, 0, 3, 4, 2613.74
1461532059, 192, 6, 8, 0, 0, 0.03%, 0, 3, 4, 2619.86
1461532064, 193, 0, 8, 0, 0, 0.03%, 0, 3, 4, 2563.19
1461532069, 193, 1, 8, 0, 0, 0.03%, 0, 3, 4, 2541.16
1461532074, 193, 2, 8, 0, 0, 0.03%, 0, 3, 4, 2556.23
1461532079, 193, 3, 8, 0, 0, 0.03%, 0, 3, 4, 2581.87
1461532084, 193, 4, 8, 0, 0, 0.03%, 0, 3, 4, 2539.65
1461532089, 193, 5, 8, 0, 0, 0.03%, 0, 3, 4, 2519.12
1461532094, 193, 6, 8, 0, 0, 0.03%, 0, 3, 4, 2348.97
1461532099, 193, 7, 8, 0, 0, 0.03%, 0, 3, 4, 2507.24
1461532104, 194, 1, 8, 0, 0, 0.03%, 0, 3, 4, 2586.45
1461532109, 194, 2, 8, 0, 0, 0.03%, 0, 3, 4, 2607.19
1461532115, 194, 3, 8, 0, 0, 0.03%, 0, 3, 4, 2616.10
1461532120, 194, 4, 8, 0, 0, 0.03%, 0, 3, 4, 2620.27
1461532125, 194, 5, 8, 0, 0, 0.03%, 0, 3, 4, 2605.03
1461532130, 194, 6, 8, 0, 0, 0.03%, 0, 3, 4, 2625.10
1461532135, 194, 7, 8, 0, 0, 0.03%, 0, 3, 4, 2611.31
1461532140, 195, 0, 8, 0, 0, 0.03%, 0, 3, 4, 2548.45
1461532145, 195, 1, 8, 0, 0, 0.03%, 0, 3, 4, 2584.23
1461532150, 195, 2, 8, 0, 0, 0.03%, 0, 3, 4, 2586.20
1461532155, 195, 3, 8, 0, 0, 0.03%, 0, 3, 4, 2582.75
1461532160, 195, 4, 8, 0, 0, 0.03%, 0, 3, 4, 2600.54
1461532165, 195, 5, 8, 0, 0, 0.03%, 0, 3, 4, 2625.89
1461532170, 195, 6, 8, 0, 0, 0.03%, 0, 3, 4, 2631.47
1461532175, 195, 7, 8, 0, 0, 0.03%, 0, 3, 4, 2620.64
1461532180, 196, 1, 8, 0, 0, 0.03%, 0, 3, 4, 2623.67
1461532185, 196, 2, 8, 0, 0, 0.03%, 0, 3, 4, 2620.24
1461532190, 196, 3, 8, 0, 0, 0.03%, 0, 3, 4, 2624.59
1461532195, 196, 4, 8, 0, 0, 0.03%, 0, 3, 4, 2555.81
1461532200, 196, 5, 8, 0, 0, 0.03%, 0, 3, 4, 2598.63
1461532206, 196, 6, 8, 0, 0, 0.03%, 0, 3, 4, 2609.27
1461532211, 196, 7, 8, 0, 0, 0.03%, 0, 3, 4, 2606.45
1461532216, 197, 1, 8, 0, 0, 0.03%, 0, 3, 4, 2602.27
1461532221, 197, 2, 8, 0, 0, 0.03%, 0, 3, 4, 2579.18
1461532226, 197, 3, 8, 0, 0, 0.03%, 0, 3, 4, 2611.41
1461532231, 197, 4, 8, 0, 0, 0.03%, 0, 3, 4, 2618.38
1461532236, 197, 5, 8, 0, 0, 0.03%, 0, 3, 4, 2615.91
1461532241, 197, 6, 8, 0, 0, 0.03%, 0, 3, 4, 2612.91
1461532246, 197, 7, 8, 0, 0, 0.03%, 0, 3, 4, 2619.69
1461532251, 198, 0, 8, 0, 0, 0.03%, 0, 3, 4, 2618.63
1461532256, 198, 1, 8, 0, 0, 0.03%, 0, 3, 4, 2588.80
1461532261, 198, 2, 8, 0, 0, 0.03%, 0, 3, 4, 2603.09
1461532266, 198, 3, 8, 0, 0, 0.03%, 0, 3, 4, 2606.30
1461532271, 198, 4, 8, 0, 0, 0.03%, 0, 3, 4, 2607.95
1461532276, 198, 5, 8, 0, 0, 0.03%, 0, 3, 4, 2603.76
1461532281, 198, 6, 8, 0, 0, 0.03%, 0, 3, 4, 2514.18
1461532286, 198, 7, 8, 0, 0, 0.03%, 0, 3, 4, 2518.59
1461532291, 199, 1, 8, 0, 0, 0.03%, 0, 3, 4, 2560.11
1461532296, 199, 2, 8, 0, 0, 0.03%, 0, 3, 4, 2541.04
1461532302, 199, 3, 8, 0, 0, 0.03%, 0, 3, 4, 2532.14
1461532307, 199, 4, 8, 0, 0, 0.03%, 0, 3, 4, 2528.63
1461532312, 199, 5, 8, 0, 0, 0.03%, 0, 3, 4, 2516.24
1461532317, 199, 6, 8, 0, 0, 0.03%, 0, 3, 4, 2522.75
1461532322, 199, 7, 8, 0, 0, 0.03%, 0, 3, 4, 2485.41
1461532327, 200, 1, 8, 0, 0, 0.03%, 0, 3, 4, 2240.78
1461532332, 200, 2, 8, 0, 0, 0.03%, 0, 3, 4, 2484.14
1461532342, 200, 3, 8, 0, 0, 0.03%, 0, 3, 4, 2621.21
1461532347, 200, 4, 8, 0, 0, 0.03%, 0, 3, 4, 2514.44
1461532352, 200, 5, 8, 0, 0, 0.03%, 0, 3, 4, 2447.17
1461532358, 200, 6, 8, 0, 0, 0.03%, 0, 3, 4, 2442.34
1461532363, 201, 0, 8, 0, 0, 0.03%, 0, 3, 4, 2494.20
1461532368, 201, 1, 8, 0, 0, 0.03%, 0, 3, 4, 2469.68
1461532373, 201, 2, 8, 0, 0, 0.03%, 0, 3, 4, 2482.94
1461532378, 201, 3, 8, 0, 0, 0.03%, 0, 3, 4, 2612.08
1461532383, 201, 4, 8, 0, 0, 0.03%, 0, 3, 4, 2608.75
1461532388, 201, 5, 8, 0, 0, 0.03%, 0, 3, 4, 2623.08
1461532393, 201, 6, 8, 0, 0, 0.03%, 0, 3, 4, 2580.97
1461532398, 201, 7, 8, 0, 0, 0.03%, 0, 3, 4, 2608.15
1461532403, 202, 1, 8, 0, 0, 0.03%, 0, 3, 4, 2606.68
1461532408, 202, 2, 8, 0, 0, 0.03%, 0, 3, 4, 2612.58
1461532413, 202, 3, 8, 0, 0, 0.03%, 0, 3, 4, 2617.28
1461532418, 202, 4, 8, 0, 0, 0.03%, 0, 3, 4, 2629.25
1461532423, 202, 5, 8, 0, 0, 0.03%, 0, 3, 4, 2624.08
1461532428, 202, 6, 8, 0, 0, 0.03%, 0, 3, 4, 2619.77
1461532433, 202, 7, 8, 0, 0, 0.03%, 0, 3, 4, 2626.45
1461532439, 203, 0, 8, 0, 0, 0.03%, 0, 3, 4, 2620.40
1461532444, 203, 1, 8, 0, 0, 0.03%, 0, 3, 4, 2615.42
1461532449, 203, 2, 8, 0, 0, 0.03%, 0, 3, 4, 2582.30
1461532454, 203, 3, 8, 0, 0, 0.03%, 0, 3, 4, 2477.51
1461532459, 203, 4, 8, 0, 0, 0.03%, 0, 3, 4, 2508.97
1461532464, 203, 5, 8, 0, 0, 0.03%, 0, 3, 4, 2515.39
1461532469, 203, 6, 8, 0, 0, 0.03%, 0, 3, 4, 2534.71
1461532474, 203, 7, 8, 0, 0, 0.03%, 0, 3, 4, 2575.44
1461532479, 204, 1, 8, 0, 0, 0.03%, 0, 3, 4, 2610.09
1461532484, 204, 2, 8, 0, 0, 0.03%, 0, 3, 4, 2582.94
1461532489, 204, 3, 8, 0, 0, 0.03%, 0, 3, 4, 2510.65
1461532494, 204, 4, 8, 0, 0, 0.03%, 0, 3, 4, 2475.58
1461532499, 204, 5, 8, 0, 0, 0.03%, 0, 3, 4, 2552.74
1461532505, 204, 6, 8, 0, 0, 0.03%, 0, 3, 4, 2555.91
1461532510, 204, 7, 8, 0, 0, 0.03%, 0, 3, 4, 2534.30
1461532515, 205, 0, 8, 0, 0, 0.03%, 0, 3, 4, 2531.22
1461532520, 205, 2, 8, 0, 0, 0.03%, 0, 3, 4, 2541.84
1461532530, 205, 3, 8, 0, 0, 0.03%, 0, 3, 4, 2501.92
1461532535, 205, 4, 8, 0, 0, 0.03%, 0, 3, 4, 2287.06
1461532540, 205, 5, 8, 0, 0, 0.03%, 0, 3, 4, 2486.41
1461532545, 205, 6, 8, 0, 0, 0.03%, 0, 3, 4, 2576.34
1461532550, 205, 7, 8, 0, 0, 0.03%, 0, 3, 4, 2578.76
1461532555, 206, 1, 8, 0, 0, 0.03%, 0, 3, 4, 2480.04
1461532560, 206, 2, 8, 0, 0, 0.03%, 0, 3, 4, 2540.92
1461532565, 206, 3, 8, 0, 0, 0.03%, 0, 3, 4, 2589.05
1461532570, 206, 4, 8, 0, 0, 0.03%, 0, 3, 4, 2534.86
1461532575, 206, 5, 8, 0, 0, 0.03%, 0, 3, 4, 2544.59
1461532580, 206, 6, 8, 0, 0, 0.03%, 0, 3, 4, 2570.61
1461532585, 206, 7, 8, 0, 0, 0.03%, 0, 3, 4, 2627.41
1461532590, 207, 1, 8, 0, 0, 0.03%, 0, 3, 4, 2520.43
1461532596, 207, 2, 8, 0, 0, 0.03%, 0, 3, 4, 2454.57
1461532601, 207, 3, 8, 0, 0, 0.03%, 0, 3, 4, 2469.83
1461532606, 207, 4, 8, 0, 0, 0.03%, 0, 3, 4, 2488.96
1461532611, 207, 5, 8, 0, 0, 0.03%, 0, 3, 4, 2467.57
1461532621, 207, 6, 8, 0, 0, 0.03%, 0, 3, 4, 2427.20
1461532626, 208, 0, 8, 0, 0, 0.03%, 0, 3, 4, 2476.28
1461532631, 208, 1, 8, 0, 0, 0.03%, 0, 3, 4, 2470.47
1461532636, 208, 2, 8, 0, 0, 0.03%, 0, 3, 4, 2429.87
1461532641, 208, 3, 8, 0, 0, 0.03%, 0, 3, 4, 2465.80
1461532646, 208, 4, 8, 0, 0, 0.03%, 0, 3, 4, 2603.57
1461532651, 208, 5, 8, 0, 0, 0.03%, 0, 3, 4, 2617.23
1461532656, 208, 6, 8, 0, 0, 0.03%, 0, 3, 4, 2588.20
1461532661, 208, 7, 8, 0, 0, 0.03%, 0, 3, 4, 2625.82
1461532666, 209, 1, 8, 0, 0, 0.03%, 0, 3, 4, 2614.24
1461532671, 209, 2, 8, 0, 0, 0.03%, 0, 3, 4, 2615.96
1461532676, 209, 3, 8, 0, 0, 0.03%, 0, 3, 4, 2617.01
1461532681, 209, 4, 8, 0, 0, 0.03%, 0, 3, 4, 2622.22
1461532686, 209, 5, 8, 0, 0, 0.03%, 0, 3, 4, 2617.15
1461532691, 209, 6, 8, 0, 0, 0.03%, 0, 3, 4, 2629.45
1461532702, 210, 0, 8, 0, 0, 0.03%, 0, 3, 4, 2638.19
1461532707, 210, 1, 8, 0, 0, 0.03%, 0, 3, 4, 2625.16
1461532712, 210, 2, 8, 0, 0, 0.03%, 0, 3, 4, 2627.23
1461532717, 210, 3, 8, 0, 0, 0.03%, 0, 3, 4, 2626.10
1461532722, 210, 5, 8, 0, 0, 0.03%, 0, 3, 4, 2626.60
1461532732, 210, 6, 8, 0, 0, 0.03%, 0, 3, 4, 2631.98
1461532737, 211, 0, 8, 0, 0, 0.03%, 0, 3, 4, 2616.41
1461532742, 211, 1, 8, 0, 0, 0.03%, 0, 3, 4, 2618.04
1461532747, 211, 2, 8, 0, 0, 0.03%, 0, 3, 4, 2614.02
1461532752, 211, 3, 8, 0, 0, 0.03%, 0, 3, 4, 2605.52
1461532757, 211, 4, 8, 0, 0, 0.03%, 0, 3, 4, 2562.16
1461532762, 211, 5, 8, 0, 0, 0.03%, 0, 3, 4, 2593.31
1461532767, 211, 6, 8, 0, 0, 0.03%, 0, 3, 4, 2619.35
1461532773, 212, 0, 8, 0, 0, 0.03%, 0, 3, 4, 2617.83
1461532778, 212, 1, 8, 0, 0, 0.03%, 0, 3, 4, 2614.16
1461532783, 212, 2, 8, 0, 0, 0.03%, 0, 3, 4, 2605.43
1461532788, 212, 3, 8, 0, 0, 0.03%, 0, 3, 4, 2600.43
1461532793, 212, 4, 8, 0, 0, 0.03%, 0, 3, 4, 2533.15
1461532798, 212, 5, 8, 0, 0, 0.03%, 0, 3, 4, 2515.18
1461532803, 212, 6, 8, 0, 0, 0.03%, 0, 3, 4, 2447.42
1461532808, 212, 7, 8, 0, 0, 0.03%, 0, 3, 4, 2391.69
1461532813, 213, 0, 8, 0, 0, 0.03%, 0, 3, 4, 2386.90
1461532818, 213, 2, 8, 0, 0, 0.03%, 0, 3, 4, 2541.29
1461532828, 213, 3, 8, 0, 0, 0.03%, 0, 3, 4, 2607.75
1461532833, 213, 4, 8, 0, 0, 0.03%, 0, 3, 4, 2618.46
1461532838, 213, 5, 8, 0, 0, 0.03%, 0, 3, 4, 2625.44
1461532843, 213, 6, 8, 0, 0, 0.03%, 0, 3, 4, 2601.52
1461532848, 214, 0, 8, 0, 0, 0.03%, 0, 3, 4, 2611.04
1461532853, 214, 1, 8, 0, 0, 0.03%, 0, 3, 4, 2631.10
1461532858, 214, 2, 8, 0, 0, 0.03%, 0, 3, 4, 2636.28
1461532863, 214, 3, 8, 0, 0, 0.03%, 0, 3, 4, 2631.23
1461532869, 214, 4, 8, 0, 0, 0.03%, 0, 3, 4, 2609.05
1461532874, 214, 5, 8, 0, 0, 0.03%, 0, 3, 4, 2597.22
1461532879, 214, 6, 8, 0, 0, 0.03%, 0, 3, 4, 2613.05
1461532884, 215, 0, 8, 0, 0, 0.03%, 0, 3, 4, 2612.04
1461532889, 215, 1, 8, 0, 0, 0.03%, 0, 3, 4, 2622.12
1461532894, 215, 2, 8, 0, 0, 0.03%, 0, 3, 4, 2620.20
1461532899, 215, 3, 8, 0, 0, 0.03%, 0, 3, 4, 2614.74
1461532904, 215, 4, 8, 0, 0, 0.03%, 0, 3, 4, 2618.12
1461532909, 215, 5, 8, 0, 0, 0.03%, 0, 3, 4, 2619.46
1461532914, 215, 6, 8, 0, 0, 0.03%, 0, 3, 4, 2620.48
1461532919, 215, 7, 8, 0, 0, 0.03%, 0, 3, 4, 2632.63
1461532924, 216, 1, 8, 0, 0, 0.03%, 0, 3, 4, 2594.54
1461532929, 216, 2, 8, 0, 0, 0.03%, 0, 3, 4, 2606.10
1461532934, 216, 3, 8, 0, 0, 0.03%, 0, 3, 4, 2604.06
1461532939, 216, 4, 8, 0, 0, 0.03%, 0, 3, 4, 2627.42
1461532944, 216, 5, 8, 0, 0, 0.03%, 0, 3, 4, 2634.01
1461532949, 216, 6, 8, 0, 0, 0.03%, 0, 3, 4, 2645.37
1461532954, 216, 7, 8, 0, 0, 0.03%, 0, 3, 4, 2642.01
1461532959, 217, 1, 8, 0, 0, 0.03%, 0, 3, 4, 2630.32
1461532965, 217, 2, 8, 0, 0, 0.03%, 0, 3, 4, 2618.46
1461532970, 217, 3, 8, 0, 0, 0.03%, 0, 3, 4, 2627.98
1461532975, 217, 4, 8, 0, 0, 0.03%, 0, 3, 4, 2636.97
1461532980, 217, 5, 8, 0, 0, 0.03%, 0, 3, 4, 2633.93
1461532985, 217, 6, 8, 0, 0, 0.03%, 0, 3, 4, 2625.74
1461532990, 217, 7, 8, 0, 0, 0.03%, 0, 3, 4, 2627.39
1461532995, 218, 0, 8, 0, 0, 0.03%, 0, 3, 4, 2616.31
1461533000, 218, 1, 8, 0, 0, 0.03%, 0, 3, 4, 2622.61
1461533005, 218, 2, 8, 0, 0, 0.03%, 0, 3, 4, 2634.31
1461533010, 218, 4, 8, 0, 0, 0.03%, 0, 3, 4, 2622.92
1461533015, 218, 5, 8, 0, 0, 0.03%, 0, 3, 4, 2637.89
1461533025, 218, 6, 8, 0, 0, 0.03%, 0, 3, 4, 2639.19
1461533030, 219, 0, 8, 0, 0, 0.03%, 0, 3, 4, 2649.56
1461533035, 219, 1, 8, 0, 0, 0.03%, 0, 3, 4, 2626.14
1461533040, 219, 2, 8, 0, 0, 0.03%, 0, 3, 4, 2612.93
1461533045, 219, 3, 8, 0, 0, 0.03%, 0, 3, 4, 2616.31
1461533050, 219, 4, 8, 0, 0, 0.03%, 0, 3, 4, 2625.14
1461533055, 219, 5, 8, 0, 0, 0.03%, 0, 3, 4, 2615.82
1461533061, 219, 6, 8, 0, 0, 0.03%, 0, 3, 4, 2613.30
1461533066, 219, 7, 8, 0, 0, 0.03%, 0, 3, 4, 2595.29
1461533071, 220, 1, 8, 0, 0, 0.03%, 0, 3, 4, 2610.34
1461533076, 220, 2, 8, 0, 0, 0.03%, 0, 3, 4, 2460.62
1461533081, 220, 3, 8, 0, 0, 0.03%, 0, 3, 4, 2258.47
1461533086, 220, 4, 8, 0, 0, 0.03%, 0, 3, 4, 2336.37
1461533091, 220, 5, 8, 0, 0, 0.03%, 0, 3, 4, 2480.43
1461533096, 220, 6, 8, 0, 0, 0.03%, 0, 3, 4, 2465.76
1461533106, 221, 0, 8, 0, 0, 0.03%, 0, 3, 4, 2413.59
1461533111, 221, 1, 8, 0, 0, 0.03%, 0, 3, 4, 2484.82
1461533116, 221, 2, 8, 0, 0, 0.03%, 0, 3, 4, 2445.47
1461533121, 221, 3, 8, 0, 0, 0.03%, 0, 3, 4, 2442.17
1461533127, 221, 4, 8, 0, 0, 0.03%, 0, 3, 4, 2472.11
1461533132, 221, 5, 8, 0, 0, 0.03%, 0, 3, 4, 2534.28
1461533137, 221, 6, 8, 0, 0, 0.03%, 0, 3, 4, 2581.45
1461533142, 221, 7, 8, 0, 0, 0.03%, 0, 3, 4, 2591.81
1461533147, 222, 0, 8, 0, 0, 0.03%, 0, 3, 4, 2521.09
1461533152, 222, 1, 8, 0, 0, 0.03%, 0, 3, 4, 2590.97
1461533157, 222, 2, 8, 0, 0, 0.03%, 0, 3, 4, 2542.10
1461533162, 222, 3, 8, 0, 0, 0.03%, 0, 3, 4, 2511.02
1461533167, 222, 4, 8, 0, 0, 0.03%, 0, 3, 4, 2484.73
1461533172, 222, 5, 8, 0, 0, 0.03%, 0, 3, 4, 2583.59
1461533177, 222, 6, 8, 0, 0, 0.03%, 0, 3, 4, 2606.91
1461533182, 223, 0, 8, 0, 0, 0.03%, 0, 3, 4, 2617.83
1461533187, 223, 1, 8, 0, 0, 0.03%, 0, 3, 4, 2605.50
1461533192, 223, 2, 8, 0, 0, 0.03%, 0, 3, 4, 2494.70
1461533197, 223, 3, 8, 0, 0, 0.03%, 0, 3, 4, 2549.30
1461533203, 223, 4, 8, 0, 0, 0.03%, 0, 3, 4, 2609.51
1461533208, 223, 5, 8, 0, 0, 0.03%, 0, 3, 4, 2468.75
1461533213, 223, 6, 8, 0, 0, 0.03%, 0, 3, 4, 2574.90
1461533218, 223, 7, 8, 0, 0, 0.03%, 0, 3, 4, 2565.98
1461533223, 224, 1, 8, 0, 0, 0.03%, 0, 3, 4, 2580.92
1461533228, 224, 2, 8, 0, 0, 0.03%, 0, 3, 4, 2584.14
1461533233, 224, 3, 8, 0, 0, 0.03%, 0, 3, 4, 2583.90
1461533238, 224, 4, 8, 0, 0, 0.03%, 0, 3, 4, 2583.63
1461533243, 224, 5, 8, 0, 0, 0.03%, 0, 3, 4, 2586.23
1461533253, 224, 6, 8, 0, 0, 0.03%, 0, 3, 4, 2516.96
1461533258, 225, 0, 8, 0, 0, 0.03%, 0, 3, 4, 2589.14
1461533263, 225, 1, 8, 0, 0, 0.03%, 0, 3, 4, 2509.17
1461533269, 225, 2, 8, 0, 0, 0.03%, 0, 3, 4, 2486.81
1461533274, 225, 3, 8, 0, 0, 0.03%, 0, 3, 4, 2404.67
1461533279, 225, 4, 8, 0, 0, 0.03%, 0, 3, 4, 2534.68
1461533284, 225, 5, 8, 0, 0, 0.03%, 0, 3, 4, 2543.33
1461533289, 225, 6, 8, 0, 0, 0.03%, 0, 3, 4, 2469.87
1461533294, 225, 7, 8, 0, 0, 0.03%, 0, 3, 4, 2433.37
1461533299, 226, 1, 8, 0, 0, 0.03%, 0, 3, 4, 2523.60
1461533304, 226, 2, 8, 0, 0, 0.03%, 0, 3, 4, 2512.62
1461533314, 226, 3, 8, 0, 0, 0.03%, 0, 3, 4, 2541.84
1461533319, 226, 4, 8, 0, 0, 0.03%, 0, 3, 4, 2547.98
1461533324, 226, 5, 8, 0, 0, 0.03%, 0, 3, 4, 2528.47
1461533329, 226, 6, 8, 0, 0, 0.03%, 0, 3, 4, 2494.20
1461533334, 227, 0, 8, 0, 0, 0.03%, 0, 3, 4, 2523.30
1461533339, 227, 1, 8, 0, 0, 0.03%, 0, 3, 4, 2569.51
1461533345, 227, 2, 8, 0, 0, 0.03%, 0, 3, 4, 2577.48
1461533350, 227, 3, 8, 0, 0, 0.03%, 0, 3, 4, 2560.82
1461533355, 227, 4, 8, 0, 0, 0.03%, 0, 3, 4, 2482.56
1461533360, 227, 5, 8, 0, 0, 0.03%, 0, 3, 4, 2516.70
1461533365, 227, 6, 8, 0, 0, 0.03%, 0, 3, 4, 2512.17
1461533370, 227, 7, 8, 0, 0, 0.03%, 0, 3, 4, 2566.45
1461533375, 228, 1, 8, 0, 0, 0.03%, 0, 3, 4, 2503.37
1461533380, 228, 2, 8, 0, 0, 0.03%, 0, 3, 4, 2514.05
1461533390, 228, 3, 8, 0, 0, 0.03%, 0, 3, 4, 2515.87
1461533395, 228, 4, 8, 0, 0, 0.03%, 0, 3, 4, 2495.77
1461533400, 228, 5, 8, 0, 0, 0.03%, 0, 3, 4, 2467.96
1461533405, 228, 6, 8, 0, 0, 0.03%, 0, 3, 4, 2508.16
1461533410, 228, 7, 8, 0, 0, 0.03%, 0, 3, 4, 2554.97
1461533415, 229, 1, 8, 0, 0, 0.03%, 0, 3, 4, 2560.02
1461533420, 229, 2, 8, 0, 0, 0.03%, 0, 3, 4, 2578.31
1461533426, 229, 3, 8, 0, 0, 0.03%, 0, 3, 4, 2567.62
1461533431, 229, 4, 8, 0, 0, 0.03%, 0, 3, 4, 2592.96
1461533436, 229, 5, 8, 0, 0, 0.03%, 0, 3, 4, 2549.01
1461533441, 229, 6, 8, 0, 0, 0.03%, 0, 3, 4, 2584.69
1461533446, 229, 7, 8, 0, 0, 0.03%, 0, 3, 4, 2580.57
1461533451, 230, 1, 8, 0, 0, 0.03%, 0, 3, 4, 2479.90
1461533456, 230, 2, 8, 0, 0, 0.03%, 0, 3, 4, 2514.73
1461533466, 230, 3, 8, 0, 0, 0.03%, 0, 3, 4, 2545.83
1461533471, 230, 4, 8, 0, 0, 0.03%, 0, 3, 4, 2530.89
1461533476, 230, 5, 8, 0, 0, 0.03%, 0, 3, 4, 2551.70
1461533481, 230, 6, 8, 0, 0, 0.03%, 0, 3, 4, 2552.06
1461533486, 230, 7, 8, 0, 0, 0.03%, 0, 3, 4, 2507.59
1461533491, 231, 1, 8, 0, 0, 0.03%, 0, 3, 4, 2469.70
1461533496, 231, 2, 8, 0, 0, 0.03%, 0, 3, 4, 2235.82
1461533502, 231, 3, 8, 0, 0, 0.03%, 0, 3, 4, 2482.88
1461533507, 231, 4, 8, 0, 0, 0.03%, 0, 3, 4, 2593.44
1461533512, 231, 5, 8, 0, 0, 0.03%, 0, 3, 4, 2599.26
1461533517, 231, 6, 8, 0, 0, 0.03%, 0, 3, 4, 2606.83
1461533527, 232, 0, 8, 0, 0, 0.03%, 0, 3, 4, 2600.40
1461533532, 232, 1, 8, 0, 0, 0.03%, 0, 3, 4, 2467.22
1461533537, 232, 2, 8, 0, 0, 0.03%, 0, 3, 4, 2470.92
1461533542, 232, 3, 8, 0, 0, 0.03%, 0, 3, 4, 2503.87
1461533547, 232, 4, 8, 0, 0, 0.03%, 0, 3, 4, 2501.68
1461533552, 232, 5, 8, 0, 0, 0.03%, 0, 3, 4, 2357.39
1461533557, 232, 6, 8, 0, 0, 0.03%, 0, 3, 4, 2490.08
1461533562, 232, 7, 8, 0, 0, 0.03%, 0, 3, 4, 2589.80
1461533567, 233, 1, 8, 0, 0, 0.03%, 0, 3, 4, 2600.13
1461533572, 233, 2, 8, 0, 0, 0.03%, 0, 3, 4, 2610.08
1461533577, 233, 3, 8, 0, 0, 0.03%, 0, 3, 4, 2618.44
1461533583, 233, 4, 8, 0, 0, 0.03%, 0, 3, 4, 2565.85
1461533588, 233, 5, 8, 0, 0, 0.03%, 0, 3, 4, 2593.56
1461533593, 233, 6, 8, 0, 0, 0.03%, 0, 3, 4, 2539.06
1461533598, 233, 7, 8, 0, 0, 0.03%, 0, 3, 4, 2555.39
1461533603, 234, 0, 8, 0, 0, 0.03%, 0, 3, 4, 2566.64
1461533608, 234, 1, 8, 0, 0, 0.03%, 0, 3, 4, 2522.37
1461533613, 234, 3, 8, 0, 0, 0.03%, 0, 3, 4, 2543.79
1461533618, 234, 4, 8, 0, 0, 0.03%, 0, 3, 4, 2590.02
1461533628, 234, 6, 8, 0, 0, 0.03%, 0, 3, 4, 2541.82
1461533638, 235, 0, 8, 0, 0, 0.03%, 0, 3, 4, 2525.42
1461533643, 235, 1, 8, 0, 0, 0.03%, 0, 3, 4, 2592.95
1461533648, 235, 2, 8, 0, 0, 0.03%, 0, 3, 4, 2598.53
1461533653, 235, 3, 8, 0, 0, 0.03%, 0, 3, 4, 2487.14
1461533658, 235, 4, 8, 0, 0, 0.03%, 0, 3, 4, 2471.07
1461533663, 235, 5, 8, 0, 0, 0.03%, 0, 3, 4, 2445.51
1461533669, 235, 6, 8, 0, 0, 0.03%, 0, 3, 4, 2496.52
1461533674, 235, 7, 8, 0, 0, 0.03%, 0, 3, 4, 2531.58
1461533679, 236, 1, 8, 0, 0, 0.03%, 0, 3, 4, 2492.10
1461533684, 236, 2, 8, 0, 0, 0.03%, 0, 3, 4, 2542.04
1461533689, 236, 3, 8, 0, 0, 0.03%, 0, 3, 4, 2522.14
1461533694, 236, 4, 8, 0, 0, 0.03%, 0, 3, 4, 2496.97
1461533699, 236, 5, 8, 0, 0, 0.03%, 0, 3, 4, 2472.23
1461533709, 236, 6, 8, 0, 0, 0.03%, 0, 3, 4, 2513.61
1461533714, 237, 0, 8, 0, 0, 0.03%, 0, 3, 4, 2592.78
1461533719, 237, 1, 8, 0, 0, 0.03%, 0, 3, 4, 2619.33
1461533724, 237, 2, 8, 0, 0, 0.03%, 0, 3, 4, 2616.49
1461533730, 237, 3, 8, 0, 0, 0.03%, 0, 3, 4, 2617.02
1461533735, 237, 4, 8, 0, 0, 0.03%, 0, 3, 4, 2616.10
1461533740, 237, 5, 8, 0, 0, 0.03%, 0, 3, 4, 2621.12
1461533745, 237, 6, 8, 0, 0, 0.03%, 0, 3, 4, 2619.57
1461533750, 237, 7, 8, 0, 0, 0.03%, 0, 3, 4, 2608.40
1461533755, 238, 1, 8, 0, 0, 0.03%, 0, 3, 4, 2582.38
1461533760, 238, 2, 8, 0, 0, 0.03%, 0, 3, 4, 2605.95
1461533765, 238, 3, 8, 0, 0, 0.03%, 0, 3, 4, 2620.40
1461533770, 238, 4, 8, 0, 0, 0.03%, 0, 3, 4, 2619.39
1461533775, 238, 5, 8, 0, 0, 0.03%, 0, 3, 4, 2619.11
1461533780, 238, 6, 8, 0, 0, 0.03%, 0, 3, 4, 2621.00
1461533785, 238, 7, 8, 0, 0, 0.03%, 0, 3, 4, 2615.22
1461533790, 239, 1, 8, 0, 0, 0.03%, 0, 3, 4, 2612.37
1461533796, 239, 2, 8, 0, 0, 0.03%, 0, 3, 4, 2612.37
1461533801, 239, 3, 8, 0, 0, 0.03%, 0, 3, 4, 2624.51
1461533806, 239, 4, 8, 0, 0, 0.03%, 0, 3, 4, 2612.18
1461533811, 239, 5, 8, 0, 0, 0.03%, 0, 3, 4, 2626.39
1461533816, 239, 6, 8, 0, 0, 0.03%, 0, 3, 4, 2619.23
1461533821, 239, 7, 8, 0, 0, 0.03%, 0, 3, 4, 2632.56
1461533826, 240, 1, 8, 0, 0, 0.03%, 0, 3, 4, 2617.12
1461533831, 240, 2, 8, 0, 0, 0.03%, 0, 3, 4, 2610.00
1461533836, 240, 3, 8, 0, 0, 0.03%, 0, 3, 4, 2613.19
1461533841, 240, 4, 8, 0, 0, 0.03%, 0, 3, 4, 2612.35
1461533846, 240, 5, 8, 0, 0, 0.03%, 0, 3, 4, 2598.51
1461533851, 240, 6, 8, 0, 0, 0.03%, 0, 3, 4, 2597.50
1461533856, 240, 7, 8, 0, 0, 0.03%, 0, 3, 4, 2561.12
1461533861, 241, 0, 8, 0, 0, 0.03%, 0, 3, 4, 2487.48
1461533867, 241, 2, 8, 0, 0, 0.03%, 0, 3, 4, 2487.75
1461533877, 241, 3, 8, 0, 0, 0.03%, 0, 3, 4, 2371.67
1461533882, 241, 4, 8, 0, 0, 0.03%, 0, 3, 4, 2223.13
1461533887, 241, 5, 8, 0, 0, 0.03%, 0, 3, 4, 2094.89
1461533892, 241, 6, 8, 0, 0, 0.03%, 0, 3, 4, 2266.49
1461533897, 241, 7, 8, 0, 0, 0.03%, 0, 3, 4, 2293.82
1461533902, 242, 0, 8, 0, 0, 0.03%, 0, 3, 4, 2411.04
1461533907, 242, 1, 8, 0, 0, 0.03%, 0, 3, 4, 2482.77
1461533912, 242, 2, 8, 0, 0, 0.03%, 0, 3, 4, 2257.51
1461533917, 242, 3, 8, 0, 0, 0.03%, 0, 3, 4, 1710.92
1461533922, 242, 4, 8, 0, 0, 0.03%, 0, 3, 4, 1928.04
1461533933, 242, 6, 8, 0, 0, 0.03%, 0, 3, 4, 2464.54
1461533943, 243, 0, 8, 0, 0, 0.03%, 0, 3, 4, 2591.54
1461533948, 243, 1, 8, 0, 0, 0.03%, 0, 3, 4, 2584.24
1461533953, 243, 2, 8, 0, 0, 0.03%, 0, 3, 4, 2540.51
1461533958, 243, 3, 8, 0, 0, 0.03%, 0, 3, 4, 2539.80
1461533963, 243, 4, 8, 0, 0, 0.03%, 0, 3, 4, 2605.81
1461533968, 243, 5, 8, 0, 0, 0.03%, 0, 3, 4, 2609.58
1461533973, 243, 6, 8, 0, 0, 0.03%, 0, 3, 4, 2619.06
1461533978, 243, 7, 8, 0, 0, 0.03%, 0, 3, 4, 2614.72
1461533983, 244, 1, 8, 0, 0, 0.03%, 0, 3, 4, 2588.03
1461533988, 244, 2, 8, 0, 0, 0.03%, 0, 3, 4, 2608.11
1461533993, 244, 3, 8, 0, 0, 0.03%, 0, 3, 4, 2620.89
1461533998, 244, 4, 8, 0, 0, 0.03%, 0, 3, 4, 2619.04
1461534004, 244, 5, 8, 0, 0, 0.03%, 0, 3, 4, 2615.08
1461534009, 244, 6, 8, 0, 0, 0.03%, 0, 3, 4, 2616.34
1461534014, 244, 7, 8, 0, 0, 0.03%, 0, 3, 4, 2623.93
1461534019, 245, 0, 8, 0, 0, 0.03%, 0, 3, 4, 2615.64
1461534024, 245, 1, 8, 0, 0, 0.03%, 0, 3, 4, 2614.54
1461534029, 245, 2, 8, 0, 0, 0.03%, 0, 3, 4, 2577.82
1461534034, 245, 3, 8, 0, 0, 0.03%, 0, 3, 4, 2347.96
1461534039, 245, 4, 8, 0, 0, 0.03%, 0, 3, 4, 2305.41
1461534044, 245, 5, 8, 0, 0, 0.03%, 0, 3, 4, 2268.19
1461534049, 245, 6, 8, 0, 0, 0.03%, 0, 3, 4, 2188.97
1461534054, 245, 7, 8, 0, 0, 0.03%, 0, 3, 4, 2208.69
